t # 134
v 0 1
v 1 1
v 2 1
v 3 1
v 4 1
v 5 1
v 6 1
v 7 1
v 8 1
v 9 1
v 10 1
v 11 1
v 12 1
v 13 2
v 14 2
v 15 2
v 16 2
v 17 2
v 18 2
v 19 2
v 20 2
v 21 2
v 22 2
v 23 2
v 24 2
e 0 1 1
e 0 2 1
e 0 13 1
e 0 14 1
e 1 3 2
e 1 5 1
e 2 4 2
e 2 6 1
e 3 7 1
e 3 15 1
e 4 8 1
e 4 16 1
e 5 9 2
e 5 17 1
e 6 10 2
e 6 18 1
e 7 11 2
e 7 19 1
e 8 12 2
e 8 20 1
e 9 11 1
e 9 21 1
e 10 12 1
e 10 22 1
e 11 23 1
e 12 24 1
t # 385
v 0 1
v 1 2
v 2 2
v 3 2
v 4 2
v 5 2
v 6 2
v 7 2
v 8 2
v 9 2
v 10 2
v 11 2
v 12 2
v 13 3
v 14 4
v 15 4
v 16 4
v 17 4
v 18 4
v 19 4
v 20 4
v 21 4
v 22 4
v 23 4
v 24 4
e 0 13 1
e 0 24 1
e 1 3 2
e 1 5 1
e 1 13 1
e 2 4 2
e 2 6 1
e 2 13 1
e 3 7 1
e 3 14 1
e 4 8 1
e 4 15 1
e 5 9 2
e 5 16 1
e 6 10 2
e 6 17 1
e 7 11 2
e 7 18 1
e 8 12 2
e 8 19 1
e 9 11 1
e 9 20 1
e 10 12 1
e 10 21 1
e 11 22 1
e 12 23 1
