t # 22
v 0 1
v 1 2
v 2 2
v 3 2
v 4 2
v 5 2
v 6 2
v 7 2
v 8 2
v 9 3
v 10 3
v 11 3
v 12 3
v 13 3
v 14 4
v 15 4
v 16 4
v 17 4
v 18 4
v 19 4
v 20 4
v 21 4
v 22 4
v 23 4
v 24 4
e 0 2 1
e 0 6 1
e 0 7 1
e 0 8 2
e 1 11 1
e 1 12 1
e 2 12 1
e 3 9 1
e 3 20 1
e 4 10 1
e 4 21 1
e 5 13 1
e 5 22 1
e 6 23 1
e 7 24 1
e 9 10 1
e 9 11 1
e 9 14 1
e 10 12 1
e 10 15 1
e 11 13 1
e 11 16 1
e 12 17 1
e 13 18 1
e 13 19 1
t # 103
v 0 1
v 1 2
v 2 3
v 3 3
v 4 3
v 5 3
v 6 3
v 7 3
v 8 3
v 9 3
v 10 3
v 11 3
v 12 3
v 13 3
v 14 4
v 15 4
v 16 4
v 17 4
v 18 4
v 19 4
v 20 4
v 21 4
v 22 4
v 23 4
v 24 4
e 0 13 2
e 1 13 1
e 1 23 1
e 1 24 1
e 2 3 1
e 2 4 1
e 2 7 2
e 3 5 1
e 3 6 2
e 4 8 1
e 4 9 2
e 5 13 1
e 5 14 1
e 5 15 1
e 6 10 1
e 6 16 1
e 7 11 1
e 7 17 1
e 8 10 2
e 8 18 1
e 9 12 1
e 9 19 1
e 10 20 1
e 11 12 2
e 11 21 1
e 12 22 1
