t # 13
v 0 1
v 1 1
v 2 1
v 3 1
v 4 1
v 5 1
v 6 1
v 7 2
v 8 2
v 9 2
v 10 2
v 11 2
v 12 2
v 13 3
v 14 3
v 15 3
v 16 3
v 17 3
v 18 3
v 19 3
v 20 3
v 21 3
v 22 3
v 23 3
v 24 3
e 0 7 1
e 0 19 1
e 1 8 1
e 1 20 1
e 2 9 1
e 2 21 1
e 3 10 1
e 3 22 1
e 4 11 1
e 4 23 1
e 5 12 1
e 5 24 1
e 6 12 2
e 7 8 1
e 7 9 1
e 7 13 1
e 8 10 1
e 8 14 1
e 9 11 1
e 9 15 1
e 10 12 1
e 10 16 1
e 11 17 1
e 11 18 1
t # 52
v 0 1
v 1 2
v 2 3
v 3 4
v 4 4
v 5 4
v 6 4
v 7 4
v 8 4
v 9 4
v 10 4
v 11 4
v 12 4
v 13 4
v 14 4
v 15 4
v 16 5
v 17 5
v 18 5
v 19 5
v 20 5
v 21 5
v 22 5
v 23 5
v 24 5
e 0 2 1
e 0 4 1
e 1 5 2
e 2 5 1
e 2 6 1
e 3 4 1
e 3 5 1
e 3 7 2
e 4 8 2
e 6 9 2
e 6 10 1
e 7 11 1
e 7 16 1
e 8 12 1
e 8 17 1
e 9 13 1
e 9 18 1
e 10 14 2
e 10 19 1
e 11 12 2
e 11 20 1
e 12 21 1
e 13 15 2
e 13 22 1
e 14 15 1
e 14 23 1
e 15 24 1
