t # 89
v 0 1
v 1 2
v 2 2
v 3 3
v 4 3
v 5 4
v 6 4
v 7 4
v 8 4
v 9 4
v 10 4
v 11 4
v 12 5
v 13 5
v 14 5
v 15 5
v 16 5
v 17 5
v 18 5
v 19 5
v 20 5
v 21 5
v 22 5
v 23 5
v 24 5
e 0 5 1
e 1 8 2
e 2 11 2
e 3 8 1
e 3 11 1
e 3 22 1
e 4 11 1
e 4 23 1
e 4 24 1
e 5 6 1
e 5 7 1
e 5 8 1
e 6 9 1
e 6 12 1
e 6 13 1
e 7 10 1
e 7 14 1
e 7 15 1
e 9 16 1
e 9 17 1
e 9 18 1
e 10 19 1
e 10 20 1
e 10 21 1
t # 272
v 0 1
v 1 2
v 2 2
v 3 2
v 4 2
v 5 2
v 6 2
v 7 2
v 8 2
v 9 2
v 10 2
v 11 2
v 12 2
v 13 2
v 14 3
v 15 3
v 16 3
v 17 3
v 18 3
v 19 3
v 20 3
v 21 3
v 22 3
v 23 3
v 24 3
e 0 12 1
e 1 2 1
e 1 3 1
e 1 14 1
e 1 15 1
e 2 4 2
e 2 5 1
e 3 6 2
e 3 7 1
e 4 8 1
e 4 16 1
e 5 9 2
e 5 17 1
e 6 10 1
e 6 18 1
e 7 11 2
e 7 19 1
e 8 12 2
e 8 20 1
e 9 12 1
e 9 21 1
e 10 13 2
e 10 22 1
e 11 13 1
e 11 23 1
e 13 24 1
