t # 48
v 0 1
v 1 2
v 2 2
v 3 2
v 4 3
v 5 3
v 6 3
v 7 3
v 8 3
v 9 3
v 10 3
v 11 3
v 12 3
v 13 3
v 14 4
v 15 4
v 16 4
v 17 4
v 18 4
v 19 4
v 20 4
v 21 4
v 22 4
v 23 4
v 24 4
e 0 13 1
e 1 4 1
e 1 8 1
e 2 7 1
e 2 24 1
e 3 7 2
e 4 5 1
e 4 6 1
e 4 7 1
e 5 14 1
e 5 15 1
e 5 16 1
e 6 17 1
e 6 18 1
e 6 19 1
e 8 9 2
e 8 10 1
e 9 11 1
e 9 20 1
e 10 12 2
e 10 21 1
e 11 13 2
e 11 22 1
e 12 13 1
e 12 23 1
t # 253
v 0 1
v 1 2
v 2 2
v 3 2
v 4 2
v 5 2
v 6 2
v 7 2
v 8 2
v 9 2
v 10 3
v 11 3
v 12 3
v 13 3
v 14 3
v 15 3
v 16 3
v 17 3
v 18 3
v 19 3
v 20 3
v 21 3
v 22 3
v 23 3
v 24 3
e 0 2 1
e 1 3 1
e 1 4 1
e 1 5 1
e 1 9 1
e 2 6 1
e 2 7 1
e 2 8 1
e 3 6 1
e 3 10 1
e 3 11 1
e 4 7 1
e 4 12 1
e 4 13 1
e 5 8 1
e 5 14 1
e 5 15 1
e 6 16 1
e 6 17 1
e 7 18 1
e 7 19 1
e 8 20 1
e 8 21 1
e 9 22 1
e 9 23 1
e 9 24 1
