t # 126
v 0 1
v 1 2
v 2 2
v 3 2
v 4 2
v 5 2
v 6 2
v 7 2
v 8 2
v 9 2
v 10 2
v 11 3
v 12 3
v 13 3
v 14 3
v 15 3
v 16 3
v 17 3
v 18 3
v 19 3
v 20 3
v 21 3
v 22 3
v 23 3
v 24 3
e 0 10 1
e 0 24 1
e 1 2 1
e 1 3 1
e 1 4 1
e 1 5 1
e 2 6 2
e 2 7 1
e 3 11 1
e 3 12 1
e 3 13 1
e 4 14 1
e 4 15 1
e 4 16 1
e 5 17 1
e 5 18 1
e 5 19 1
e 6 8 1
e 6 20 1
e 7 9 2
e 7 21 1
e 8 10 2
e 8 22 1
e 9 10 1
e 9 23 1
t # 466
v 0 1
v 1 1
v 2 1
v 3 1
v 4 1
v 5 1
v 6 1
v 7 1
v 8 1
v 9 1
v 10 1
v 11 2
v 12 2
v 13 2
v 14 2
v 15 2
v 16 2
v 17 2
v 18 2
v 19 2
v 20 2
v 21 2
v 22 2
v 23 2
v 24 2
e 0 2 1
e 0 3 1
e 0 5 1
e 0 11 1
e 1 2 1
e 1 4 1
e 1 6 1
e 1 12 1
e 2 13 1
e 2 14 1
e 3 4 1
e 3 7 2
e 4 8 2
e 5 15 1
e 5 16 1
e 5 17 1
e 6 18 1
e 6 19 1
e 6 20 1
e 7 9 1
e 7 21 1
e 8 10 1
e 8 22 1
e 9 10 2
e 9 23 1
e 10 24 1
