t # 82
v 0 1
v 1 2
v 2 3
v 3 3
v 4 3
v 5 4
v 6 4
v 7 4
v 8 4
v 9 4
v 10 4
v 11 5
v 12 5
v 13 5
v 14 5
v 15 5
v 16 5
v 17 5
v 18 5
v 19 5
v 20 5
v 21 5
v 22 5
v 23 5
v 24 5
e 0 1 1
e 0 2 1
e 0 3 1
e 0 4 2
e 2 5 1
e 3 6 1
e 5 7 1
e 5 8 1
e 5 11 1
e 6 9 1
e 6 10 1
e 6 12 1
e 7 13 1
e 7 14 1
e 7 15 1
e 8 16 1
e 8 17 1
e 8 18 1
e 9 19 1
e 9 20 1
e 9 21 1
e 10 22 1
e 10 23 1
e 10 24 1
t # 283
v 0 1
v 1 2
v 2 2
v 3 2
v 4 3
v 5 3
v 6 3
v 7 3
v 8 3
v 9 3
v 10 3
v 11 3
v 12 3
v 13 3
v 14 4
v 15 4
v 16 4
v 17 4
v 18 4
v 19 4
v 20 4
v 21 4
v 22 4
v 23 4
v 24 4
e 0 3 1
e 0 24 1
e 1 4 1
e 1 5 1
e 1 8 1
e 2 5 2
e 2 6 1
e 3 10 2
e 4 6 1
e 4 7 2
e 5 10 1
e 6 9 2
e 7 11 1
e 7 14 1
e 8 15 1
e 8 16 1
e 8 17 1
e 9 12 1
e 9 18 1
e 10 13 1
e 11 12 2
e 11 19 1
e 12 20 1
e 13 21 1
e 13 22 1
e 13 23 1
