t # 448
v 0 1
v 1 2
v 2 2
v 3 2
v 4 2
v 5 3
v 6 3
v 7 3
v 8 3
v 9 3
v 10 3
v 11 3
v 12 3
v 13 3
v 14 3
v 15 3
v 16 4
v 17 4
v 18 4
v 19 4
v 20 4
v 21 4
v 22 4
v 23 4
v 24 4
e 0 13 1
e 1 2 2
e 1 6 1
e 2 8 1
e 3 14 3
e 4 15 3
e 5 6 1
e 5 7 1
e 5 16 1
e 5 17 1
e 6 18 1
e 6 19 1
e 7 14 1
e 7 15 1
e 7 20 1
e 8 9 2
e 8 10 1
e 9 11 1
e 9 21 1
e 10 12 2
e 10 22 1
e 11 13 2
e 11 23 1
e 12 13 1
e 12 24 1
t # 459
v 0 1
v 1 2
v 2 3
v 3 3
v 4 3
v 5 3
v 6 3
v 7 3
v 8 3
v 9 3
v 10 3
v 11 3
v 12 3
v 13 3
v 14 3
v 15 4
v 16 4
v 17 4
v 18 4
v 19 4
v 20 4
v 21 4
v 22 4
v 23 4
v 24 4
e 0 3 1
e 0 14 1
e 1 7 2
e 2 4 1
e 2 5 2
e 2 6 1
e 3 7 1
e 3 9 2
e 4 8 2
e 4 15 1
e 5 10 1
e 5 16 1
e 6 11 2
e 6 17 1
e 7 8 1
e 8 18 1
e 9 13 1
e 9 19 1
e 10 12 2
e 10 20 1
e 11 12 1
e 11 21 1
e 12 22 1
e 13 14 2
e 13 23 1
e 14 24 1
