t # 92
v 0 1
v 1 2
v 2 2
v 3 2
v 4 3
v 5 3
v 6 3
v 7 3
v 8 3
v 9 3
v 10 4
v 11 4
v 12 4
v 13 4
v 14 4
v 15 4
v 16 4
v 17 4
v 18 4
v 19 4
v 20 4
v 21 4
v 22 4
v 23 4
v 24 4
e 0 1 1
e 0 2 1
e 0 3 2
e 0 4 1
e 1 6 1
e 2 7 1
e 4 5 1
e 4 10 1
e 4 11 1
e 5 12 1
e 5 13 1
e 5 14 1
e 6 8 1
e 6 15 1
e 6 16 1
e 7 9 1
e 7 17 1
e 7 18 1
e 8 19 1
e 8 20 1
e 8 21 1
e 9 22 1
e 9 23 1
e 9 24 1
t # 219
v 0 1
v 1 1
v 2 1
v 3 2
v 4 2
v 5 3
v 6 3
v 7 3
v 8 3
v 9 3
v 10 3
v 11 3
v 12 4
v 13 4
v 14 4
v 15 4
v 16 4
v 17 4
v 18 4
v 19 4
v 20 4
v 21 4
v 22 4
v 23 4
v 24 4
e 0 11 1
e 1 11 1
e 2 11 1
e 3 5 1
e 3 9 1
e 4 9 1
e 4 24 1
e 5 6 1
e 5 7 1
e 5 8 1
e 6 10 1
e 6 12 1
e 6 13 1
e 7 14 1
e 7 15 1
e 7 16 1
e 8 17 1
e 8 18 1
e 8 19 1
e 9 11 1
e 9 20 1
e 10 21 1
e 10 22 1
e 10 23 1
