t # 133
v 0 1
v 1 2
v 2 3
v 3 4
v 4 4
v 5 4
v 6 4
v 7 4
v 8 4
v 9 4
v 10 4
v 11 4
v 12 4
v 13 4
v 14 4
v 15 5
v 16 5
v 17 5
v 18 5
v 19 5
v 20 5
v 21 5
v 22 5
v 23 5
v 24 5
e 0 14 1
e 1 3 1
e 1 4 1
e 2 7 1
e 2 23 1
e 2 24 1
e 3 5 2
e 3 6 1
e 4 10 2
e 4 11 1
e 5 8 1
e 5 15 1
e 6 9 2
e 6 16 1
e 7 8 2
e 7 9 1
e 8 17 1
e 9 18 1
e 10 12 1
e 10 19 1
e 11 13 2
e 11 20 1
e 12 14 2
e 12 21 1
e 13 14 1
e 13 22 1
t # 333
v 0 1
v 1 2
v 2 2
v 3 3
v 4 4
v 5 4
v 6 4
v 7 4
v 8 4
v 9 4
v 10 4
v 11 4
v 12 4
v 13 4
v 14 4
v 15 4
v 16 4
v 17 5
v 18 5
v 19 5
v 20 5
v 21 5
v 22 5
v 23 5
v 24 5
e 0 15 1
e 1 3 1
e 2 3 2
e 3 13 1
e 4 5 1
e 4 7 1
e 4 17 1
e 4 18 1
e 5 6 2
e 5 9 1
e 6 8 1
e 6 10 1
e 7 8 2
e 7 11 1
e 8 12 1
e 9 13 2
e 9 19 1
e 10 14 2
e 10 20 1
e 11 15 2
e 11 21 1
e 12 16 2
e 12 22 1
e 13 14 1
e 14 23 1
e 15 16 1
e 16 24 1
