t # 140
v 0 1
v 1 1
v 2 1
v 3 2
v 4 2
v 5 2
v 6 2
v 7 2
v 8 2
v 9 2
v 10 2
v 11 2
v 12 2
v 13 3
v 14 3
v 15 3
v 16 3
v 17 3
v 18 3
v 19 3
v 20 3
v 21 3
v 22 3
v 23 3
v 24 3
e 0 4 1
e 0 10 1
e 1 7 1
e 1 11 1
e 2 10 2
e 3 4 1
e 3 5 2
e 3 6 1
e 4 13 1
e 4 14 1
e 5 8 1
e 5 15 1
e 6 9 2
e 6 16 1
e 7 8 2
e 7 9 1
e 8 17 1
e 9 18 1
e 10 12 1
e 11 22 1
e 11 23 1
e 11 24 1
e 12 19 1
e 12 20 1
e 12 21 1
t # 454
v 0 1
v 1 1
v 2 1
v 3 1
v 4 2
v 5 2
v 6 2
v 7 2
v 8 2
v 9 2
v 10 2
v 11 2
v 12 2
v 13 2
v 14 2
v 15 3
v 16 3
v 17 3
v 18 3
v 19 3
v 20 3
v 21 3
v 22 3
v 23 3
v 24 3
e 0 1 2
e 0 5 1
e 1 8 1
e 2 13 3
e 3 14 3
e 4 5 1
e 4 6 2
e 4 9 1
e 5 7 2
e 6 10 1
e 6 15 1
e 7 12 1
e 7 16 1
e 8 11 1
e 8 17 1
e 8 18 1
e 9 19 1
e 9 20 1
e 9 21 1
e 10 12 2
e 10 23 1
e 11 13 1
e 11 14 1
e 11 22 1
e 12 24 1
