t # 128
v 0 1
v 1 2
v 2 2
v 3 2
v 4 2
v 5 2
v 6 2
v 7 2
v 8 2
v 9 2
v 10 2
v 11 3
v 12 3
v 13 3
v 14 3
v 15 3
v 16 3
v 17 3
v 18 3
v 19 3
v 20 3
v 21 3
v 22 3
v 23 3
v 24 3
e 0 10 1
e 0 24 1
e 1 2 1
e 1 3 1
e 1 4 1
e 1 11 1
e 2 5 1
e 2 12 1
e 2 13 1
e 3 6 2
e 3 7 1
e 4 14 1
e 4 15 1
e 4 16 1
e 5 17 1
e 5 18 1
e 5 19 1
e 6 8 1
e 6 20 1
e 7 9 2
e 7 21 1
e 8 10 2
e 8 22 1
e 9 10 1
e 9 23 1
t # 162
v 0 1
v 1 1
v 2 2
v 3 2
v 4 2
v 5 3
v 6 4
v 7 4
v 8 4
v 9 4
v 10 4
v 11 4
v 12 4
v 13 4
v 14 4
v 15 4
v 16 4
v 17 4
v 18 5
v 19 5
v 20 5
v 21 5
v 22 5
v 23 5
v 24 5
e 0 12 1
e 1 17 1
e 2 6 1
e 2 8 1
e 3 5 1
e 4 5 2
e 5 7 1
e 6 7 2
e 6 9 1
e 7 10 1
e 8 13 2
e 8 14 1
e 9 11 2
e 9 18 1
e 10 12 2
e 10 19 1
e 11 12 1
e 11 20 1
e 13 15 1
e 13 21 1
e 14 16 2
e 14 22 1
e 15 17 2
e 15 23 1
e 16 17 1
e 16 24 1
