t # 74
v 0 1
v 1 1
v 2 2
v 3 2
v 4 2
v 5 2
v 6 2
v 7 2
v 8 2
v 9 2
v 10 2
v 11 2
v 12 2
v 13 2
v 14 2
v 15 3
v 16 3
v 17 3
v 18 3
v 19 3
v 20 3
v 21 3
v 22 3
v 23 3
v 24 3
e 0 6 1
e 0 10 1
e 1 10 2
e 2 3 1
e 2 4 1
e 2 6 2
e 3 5 1
e 3 15 1
e 3 16 1
e 4 7 1
e 4 11 2
e 5 10 1
e 5 17 1
e 5 18 1
e 6 8 1
e 7 9 1
e 7 12 2
e 8 9 2
e 8 19 1
e 9 20 1
e 11 13 1
e 11 21 1
e 12 14 1
e 12 22 1
e 13 14 2
e 13 23 1
e 14 24 1
t # 187
v 0 1
v 1 2
v 2 3
v 3 4
v 4 4
v 5 4
v 6 4
v 7 4
v 8 4
v 9 4
v 10 4
v 11 4
v 12 4
v 13 4
v 14 4
v 15 5
v 16 5
v 17 5
v 18 5
v 19 5
v 20 5
v 21 5
v 22 5
v 23 5
v 24 5
e 0 14 1
e 1 13 2
e 2 5 1
e 2 13 1
e 2 20 1
e 3 4 1
e 3 6 1
e 3 9 2
e 4 7 1
e 4 10 2
e 5 6 2
e 5 8 1
e 6 15 1
e 7 8 2
e 7 16 1
e 8 17 1
e 9 11 1
e 9 18 1
e 10 12 1
e 10 19 1
e 11 12 2
e 11 21 1
e 12 22 1
e 13 14 1
e 14 23 1
e 14 24 1
