t # 101
v 0 1
v 1 2
v 2 2
v 3 3
v 4 3
v 5 3
v 6 3
v 7 3
v 8 3
v 9 3
v 10 3
v 11 3
v 12 3
v 13 3
v 14 3
v 15 4
v 16 4
v 17 4
v 18 4
v 19 4
v 20 4
v 21 4
v 22 4
v 23 4
v 24 4
e 0 2 2
e 1 2 1
e 1 3 1
e 1 4 1
e 3 5 2
e 3 7 1
e 4 6 2
e 4 8 1
e 5 9 1
e 5 15 1
e 6 10 1
e 6 16 1
e 7 11 2
e 7 17 1
e 8 12 2
e 8 18 1
e 9 13 2
e 9 19 1
e 10 14 2
e 10 20 1
e 11 13 1
e 11 21 1
e 12 14 1
e 12 22 1
e 13 23 1
e 14 24 1
t # 341
v 0 1
v 1 1
v 2 1
v 3 2
v 4 3
v 5 3
v 6 3
v 7 4
v 8 4
v 9 4
v 10 4
v 11 4
v 12 4
v 13 4
v 14 4
v 15 5
v 16 5
v 17 5
v 18 5
v 19 5
v 20 5
v 21 5
v 22 5
v 23 5
v 24 5
e 0 9 1
e 1 10 1
e 3 4 1
e 3 8 1
e 4 14 2
e 5 14 1
e 5 20 1
e 5 21 1
e 5 22 1
e 6 14 1
e 6 23 1
e 6 24 1
e 7 8 1
e 7 9 2
e 7 10 1
e 8 15 1
e 8 16 1
e 9 11 1
e 10 12 2
e 11 13 2
e 11 17 1
e 12 13 1
e 12 18 1
e 13 19 1
