t # 152
v 0 1
v 1 2
v 2 2
v 3 2
v 4 2
v 5 2
v 6 3
v 7 4
v 8 4
v 9 4
v 10 4
v 11 4
v 12 4
v 13 4
v 14 4
v 15 5
v 16 5
v 17 5
v 18 5
v 19 5
v 20 5
v 21 5
v 22 5
v 23 5
v 24 5
e 0 1 1
e 0 2 1
e 0 3 2
e 0 7 1
e 1 22 1
e 2 23 1
e 4 13 2
e 5 14 1
e 5 24 1
e 6 8 1
e 6 13 1
e 6 19 1
e 7 9 2
e 7 10 1
e 8 11 2
e 8 12 1
e 9 11 1
e 9 15 1
e 10 12 2
e 10 16 1
e 11 17 1
e 12 18 1
e 13 14 1
e 14 20 1
e 14 21 1
t # 464
v 0 1
v 1 1
v 2 1
v 3 1
v 4 1
v 5 1
v 6 1
v 7 1
v 8 1
v 9 1
v 10 1
v 11 2
v 12 2
v 13 2
v 14 2
v 15 2
v 16 2
v 17 2
v 18 2
v 19 2
v 20 2
v 21 2
v 22 2
v 23 2
v 24 2
e 0 1 1
e 0 2 1
e 0 3 2
e 1 4 1
e 1 11 1
e 1 12 1
e 2 5 2
e 2 6 1
e 3 9 1
e 3 13 1
e 4 14 1
e 4 15 1
e 4 16 1
e 5 7 1
e 5 17 1
e 6 8 2
e 6 18 1
e 7 10 2
e 7 19 1
e 8 10 1
e 8 20 1
e 9 21 1
e 9 22 1
e 9 23 1
e 10 24 1
