t # 311
v 0 1
v 1 1
v 2 1
v 3 2
v 4 2
v 5 2
v 6 3
v 7 3
v 8 3
v 9 3
v 10 3
v 11 3
v 12 3
v 13 3
v 14 3
v 15 3
v 16 4
v 17 4
v 18 4
v 19 4
v 20 4
v 21 4
v 22 4
v 23 4
v 24 4
e 0 10 1
e 1 11 1
e 2 14 1
e 3 12 1
e 3 23 1
e 4 15 1
e 4 24 1
e 5 15 2
e 6 7 1
e 6 8 1
e 6 16 1
e 6 17 1
e 7 9 1
e 7 18 1
e 7 19 1
e 8 10 2
e 8 11 1
e 9 15 1
e 9 20 1
e 9 21 1
e 10 12 1
e 11 13 2
e 12 14 2
e 13 14 1
e 13 22 1
t # 415
v 0 1
v 1 2
v 2 2
v 3 2
v 4 2
v 5 2
v 6 2
v 7 2
v 8 2
v 9 2
v 10 2
v 11 3
v 12 3
v 13 3
v 14 3
v 15 3
v 16 3
v 17 3
v 18 3
v 19 3
v 20 3
v 21 3
v 22 3
v 23 3
v 24 3
e 0 1 1
e 0 6 1
e 1 2 1
e 1 3 1
e 1 11 1
e 2 4 2
e 2 5 1
e 3 12 1
e 3 13 1
e 3 14 1
e 4 7 1
e 4 15 1
e 5 8 2
e 5 16 1
e 6 10 1
e 6 17 1
e 6 18 1
e 7 9 2
e 7 19 1
e 8 9 1
e 8 20 1
e 9 24 1
e 10 21 1
e 10 22 1
e 10 23 1
