t # 47
v 0 1
v 1 1
v 2 1
v 3 1
v 4 2
v 5 2
v 6 2
v 7 2
v 8 2
v 9 2
v 10 2
v 11 2
v 12 2
v 13 2
v 14 2
v 15 3
v 16 3
v 17 3
v 18 3
v 19 3
v 20 3
v 21 3
v 22 3
v 23 3
v 24 3
e 0 5 1
e 0 12 1
e 1 6 1
e 1 13 1
e 2 8 1
e 2 14 1
e 3 12 2
e 4 5 2
e 4 6 1
e 4 10 1
e 5 7 1
e 6 9 2
e 7 8 2
e 7 15 1
e 8 9 1
e 9 16 1
e 10 11 2
e 10 17 1
e 11 12 1
e 11 18 1
e 13 19 1
e 13 20 1
e 13 21 1
e 14 22 1
e 14 23 1
e 14 24 1
t # 155
v 0 1
v 1 1
v 2 1
v 3 1
v 4 2
v 5 2
v 6 2
v 7 2
v 8 2
v 9 2
v 10 2
v 11 2
v 12 2
v 13 2
v 14 2
v 15 3
v 16 3
v 17 3
v 18 3
v 19 3
v 20 3
v 21 3
v 22 3
v 23 3
v 24 3
e 0 5 1
e 0 12 1
e 1 6 1
e 1 13 1
e 2 8 1
e 2 14 1
e 3 12 2
e 4 5 1
e 4 7 2
e 4 10 1
e 5 9 2
e 6 7 1
e 6 8 2
e 7 15 1
e 8 9 1
e 9 16 1
e 10 11 2
e 10 17 1
e 11 12 1
e 11 18 1
e 13 19 1
e 13 20 1
e 13 21 1
e 14 22 1
e 14 23 1
e 14 24 1
