t # 367
v 0 1
v 1 2
v 2 3
v 3 3
v 4 4
v 5 4
v 6 4
v 7 4
v 8 4
v 9 4
v 10 5
v 11 5
v 12 5
v 13 5
v 14 5
v 15 5
v 16 5
v 17 5
v 18 5
v 19 5
v 20 5
v 21 5
v 22 5
v 23 5
v 24 5
e 0 4 1
e 1 2 1
e 1 3 1
e 1 4 1
e 1 5 1
e 2 6 1
e 3 7 1
e 4 10 1
e 4 11 1
e 5 12 1
e 5 13 1
e 5 14 1
e 6 8 1
e 6 15 1
e 6 16 1
e 7 9 1
e 7 17 1
e 7 18 1
e 8 19 1
e 8 20 1
e 8 21 1
e 9 22 1
e 9 23 1
e 9 24 1
t # 392
v 0 1
v 1 1
v 2 1
v 3 1
v 4 1
v 5 1
v 6 1
v 7 1
v 8 1
v 9 1
v 10 1
v 11 2
v 12 2
v 13 2
v 14 2
v 15 2
v 16 2
v 17 2
v 18 2
v 19 2
v 20 2
v 21 2
v 22 2
v 23 2
v 24 2
e 0 1 1
e 0 2 1
e 0 11 1
e 0 12 1
e 1 3 1
e 1 15 1
e 1 16 1
e 2 4 1
e 2 13 1
e 2 14 1
e 3 5 1
e 3 17 1
e 3 18 1
e 4 5 1
e 4 6 2
e 5 7 2
e 6 8 1
e 6 10 1
e 7 9 1
e 7 19 1
e 8 9 2
e 8 20 1
e 9 21 1
e 10 22 1
e 10 23 1
e 10 24 1
