t # 131
v 0 1
v 1 1
v 2 2
v 3 2
v 4 3
v 5 4
v 6 4
v 7 4
v 8 4
v 9 4
v 10 4
v 11 4
v 12 4
v 13 4
v 14 4
v 15 4
v 16 5
v 17 5
v 18 5
v 19 5
v 20 5
v 21 5
v 22 5
v 23 5
v 24 5
e 0 8 1
e 1 15 1
e 2 11 1
e 2 12 1
e 3 11 2
e 4 5 1
e 4 11 1
e 4 18 1
e 5 6 2
e 5 7 1
e 6 8 1
e 6 16 1
e 7 9 2
e 7 17 1
e 8 10 2
e 9 10 1
e 9 19 1
e 10 20 1
e 12 13 1
e 12 21 1
e 12 22 1
e 13 14 3
e 14 15 1
e 15 23 1
e 15 24 1
t # 491
v 0 1
v 1 2
v 2 2
v 3 2
v 4 2
v 5 3
v 6 3
v 7 3
v 8 3
v 9 3
v 10 3
v 11 3
v 12 3
v 13 3
v 14 3
v 15 4
v 16 4
v 17 4
v 18 4
v 19 4
v 20 4
v 21 4
v 22 4
v 23 4
v 24 4
e 0 14 2
e 1 7 1
e 1 14 1
e 1 20 1
e 2 7 1
e 2 21 1
e 2 22 1
e 3 10 2
e 3 14 1
e 4 11 1
e 4 23 1
e 4 24 1
e 5 6 1
e 5 8 2
e 5 9 1
e 6 7 2
e 6 10 1
e 8 12 1
e 8 15 1
e 9 13 2
e 9 16 1
e 10 17 1
e 11 12 2
e 11 13 1
e 12 18 1
e 13 19 1
