t # 26
v 0 1
v 1 1
v 2 2
v 3 2
v 4 2
v 5 2
v 6 3
v 7 3
v 8 3
v 9 4
v 10 4
v 11 4
v 12 4
v 13 4
v 14 4
v 15 4
v 16 4
v 17 4
v 18 5
v 19 5
v 20 5
v 21 5
v 22 5
v 23 5
v 24 5
e 0 2 2
e 0 3 2
e 0 9 1
e 0 10 1
e 1 10 1
e 1 17 1
e 4 7 1
e 5 7 2
e 6 16 1
e 6 17 2
e 7 15 1
e 8 17 1
e 8 23 1
e 8 24 1
e 9 11 2
e 9 12 1
e 10 16 2
e 11 13 1
e 11 18 1
e 12 14 2
e 12 19 1
e 13 15 2
e 13 20 1
e 14 15 1
e 14 21 1
e 16 22 1
t # 260
v 0 1
v 1 1
v 2 1
v 3 2
v 4 3
v 5 3
v 6 3
v 7 3
v 8 3
v 9 3
v 10 3
v 11 3
v 12 3
v 13 3
v 14 3
v 15 3
v 16 3
v 17 4
v 18 4
v 19 4
v 20 4
v 21 4
v 22 4
v 23 4
v 24 4
e 0 9 1
e 1 14 1
e 2 15 1
e 3 13 1
e 3 23 1
e 3 24 1
e 4 5 1
e 4 7 1
e 4 17 1
e 4 18 1
e 5 6 1
e 5 9 2
e 6 8 1
e 6 10 2
e 7 8 2
e 7 11 1
e 8 12 1
e 9 13 1
e 10 14 1
e 10 19 1
e 11 15 2
e 11 20 1
e 12 16 2
e 12 21 1
e 13 14 2
e 15 16 1
e 16 22 1
