t # 327
v 0 1
v 1 1
v 2 1
v 3 2
v 4 2
v 5 2
v 6 2
v 7 2
v 8 2
v 9 2
v 10 2
v 11 2
v 12 2
v 13 3
v 14 3
v 15 3
v 16 3
v 17 3
v 18 3
v 19 3
v 20 3
v 21 3
v 22 3
v 23 3
v 24 3
e 0 3 1
e 0 4 1
e 1 4 1
e 1 5 1
e 2 7 1
e 2 23 1
e 3 5 1
e 3 7 1
e 3 13 1
e 4 6 1
e 4 14 1
e 5 15 1
e 5 16 1
e 6 8 2
e 6 9 1
e 7 17 1
e 7 18 1
e 8 10 1
e 8 19 1
e 9 11 2
e 9 20 1
e 10 12 2
e 10 21 1
e 11 12 1
e 11 22 1
e 12 24 1
t # 330
v 0 1
v 1 2
v 2 2
v 3 3
v 4 3
v 5 3
v 6 3
v 7 4
v 8 4
v 9 4
v 10 4
v 11 4
v 12 4
v 13 4
v 14 4
v 15 5
v 16 5
v 17 5
v 18 5
v 19 5
v 20 5
v 21 5
v 22 5
v 23 5
v 24 5
e 0 11 1
e 0 24 1
e 1 9 2
e 2 10 2
e 3 8 1
e 3 10 1
e 3 12 1
e 4 7 1
e 4 11 1
e 4 13 1
e 5 9 1
e 5 10 1
e 5 14 1
e 6 8 1
e 6 11 2
e 7 8 2
e 7 9 1
e 12 15 1
e 12 16 1
e 12 17 1
e 13 18 1
e 13 19 1
e 13 20 1
e 14 21 1
e 14 22 1
e 14 23 1
