t # 389
v 0 1
v 1 1
v 2 1
v 3 1
v 4 1
v 5 2
v 6 2
v 7 2
v 8 2
v 9 3
v 10 3
v 11 3
v 12 3
v 13 3
v 14 3
v 15 3
v 16 3
v 17 4
v 18 4
v 19 4
v 20 4
v 21 4
v 22 4
v 23 4
v 24 4
e 0 5 1
e 0 20 1
e 1 5 1
e 1 21 1
e 2 6 1
e 3 6 2
e 4 15 2
e 5 10 1
e 6 9 1
e 7 8 2
e 7 11 1
e 8 15 1
e 9 11 2
e 9 12 1
e 10 12 2
e 10 13 1
e 11 14 1
e 12 17 1
e 13 14 2
e 13 18 1
e 14 19 1
e 15 16 1
e 16 22 1
e 16 23 1
e 16 24 1
t # 406
v 0 1
v 1 2
v 2 2
v 3 3
v 4 4
v 5 4
v 6 4
v 7 4
v 8 4
v 9 4
v 10 5
v 11 5
v 12 5
v 13 5
v 14 5
v 15 5
v 16 5
v 17 5
v 18 5
v 19 5
v 20 5
v 21 5
v 22 5
v 23 5
v 24 5
e 0 4 1
e 0 5 1
e 0 6 1
e 0 7 1
e 1 8 1
e 1 9 1
e 2 9 2
e 3 9 1
e 3 23 1
e 3 24 1
e 4 8 1
e 4 10 1
e 4 11 1
e 5 12 1
e 5 13 1
e 5 14 1
e 6 15 1
e 6 16 1
e 6 17 1
e 7 18 1
e 7 19 1
e 7 20 1
e 8 21 1
e 8 22 1
