t # 733
v 0 1
v 1 2
v 2 1
v 3 2
v 4 2
v 5 2
v 6 3
v 7 1
v 8 2
v 9 1
v 10 2
v 11 3
v 12 2
v 13 2
v 14 2
v 15 2
v 16 2
v 17 2
v 18 2
v 19 2
e 0 1 2
e 1 2 1
e 2 3 1
e 0 4 1
e 4 5 1
e 5 6 2
e 5 7 1
e 3 8 1
e 8 9 1
e 9 10 1
e 10 11 2
e 10 12 1
e 2 13 1
e 13 14 1
e 14 15 1
e 15 16 2
e 16 17 1
e 17 18 2
e 14 19 2
e 3 4 2
e 18 19 1
t # 2095
v 0 1
v 1 2
v 2 2
v 3 2
v 4 2
v 5 3
v 6 1
v 7 3
v 8 4
v 9 2
v 10 3
v 11 2
v 12 2
v 13 2
v 14 2
v 15 3
v 16 4
v 17 3
v 18 2
v 19 3
e 0 1 1
e 1 2 2
e 2 3 1
e 0 4 1
e 4 5 2
e 3 6 1
e 3 7 2
e 2 8 1
e 0 9 1
e 9 10 1
e 10 11 1
e 11 12 1
e 12 13 1
e 9 14 1
e 14 15 1
e 13 16 1
e 12 17 1
e 11 18 1
e 18 19 1
e 4 6 1
e 13 14 1
