t # 1578
v 0 1
v 1 1
v 2 1
v 3 1
v 4 1
v 5 1
v 6 2
v 7 3
v 8 2
v 9 2
v 10 3
v 11 3
v 12 2
v 13 3
v 14 3
v 15 3
v 16 3
v 17 1
v 18 1
v 19 3
e 0 1 1
e 1 2 1
e 2 3 1
e 3 4 1
e 0 5 1
e 3 6 2
e 6 7 1
e 4 8 2
e 2 9 1
e 9 10 2
e 9 11 1
e 2 12 1
e 12 13 2
e 12 14 1
e 0 15 1
e 0 16 1
e 16 17 1
e 15 18 1
e 8 19 1
e 4 5 1
e 7 8 1
e 17 18 1
t # 1771
v 0 1
v 1 1
v 2 1
v 3 1
v 4 1
v 5 1
v 6 1
v 7 1
v 8 1
v 9 1
v 10 1
v 11 1
v 12 2
v 13 3
v 14 4
v 15 4
v 16 1
v 17 2
v 18 4
v 19 4
e 0 1 1
e 1 2 2
e 2 3 1
e 3 4 2
e 0 5 2
e 6 7 2
e 7 8 1
e 8 9 2
e 9 10 1
e 6 11 1
e 10 12 1
e 0 13 1
e 13 14 2
e 13 15 2
e 12 16 1
e 2 17 1
e 17 18 2
e 17 19 1
e 4 5 1
e 10 11 2
e 12 13 1
