t # 1559
v 0 1
v 1 2
v 2 2
v 3 1
v 4 2
v 5 1
v 6 2
v 7 3
v 8 2
v 9 1
v 10 2
v 11 2
v 12 2
v 13 3
v 14 2
v 15 2
v 16 1
v 17 1
v 18 3
v 19 3
e 0 1 1
e 1 2 1
e 2 3 1
e 3 4 1
e 4 5 2
e 4 6 1
e 6 7 2
e 6 8 1
e 8 9 2
e 8 10 1
e 0 11 1
e 11 12 1
e 12 13 2
e 12 14 1
e 14 15 1
e 14 16 2
e 11 17 2
e 7 18 2
e 13 19 2
t # 2140
v 0 1
v 1 1
v 2 2
v 3 1
v 4 1
v 5 3
v 6 3
v 7 2
v 8 4
v 9 3
v 10 2
v 11 2
v 12 3
v 13 1
v 14 1
v 15 1
v 16 1
v 17 1
v 18 1
v 19 5
e 0 1 1
e 1 2 1
e 2 3 2
e 0 4 1
e 4 5 2
e 1 6 2
e 3 7 1
e 8 9 2
e 3 10 1
e 8 11 1
e 8 12 2
e 8 13 1
e 13 14 1
e 14 15 2
e 15 16 1
e 16 17 2
e 13 18 2
e 16 19 1
e 4 7 1
e 10 11 1
e 17 18 1
