t # 926
v 0 1
v 1 2
v 2 3
v 3 2
v 4 2
v 5 2
v 6 4
v 7 4
v 8 2
v 9 2
v 10 2
v 11 1
v 12 2
v 13 2
v 14 2
v 15 2
v 16 2
v 17 5
v 18 2
v 19 2
e 0 1 1
e 1 2 1
e 2 3 1
e 0 4 2
e 3 5 1
e 5 6 2
e 5 7 1
e 7 8 1
e 8 9 1
e 4 10 1
e 1 11 2
e 11 12 1
e 12 13 1
e 13 14 2
e 14 15 1
e 15 16 2
e 16 17 1
e 12 18 2
e 18 19 1
e 3 4 1
e 16 18 1
t # 2059
v 0 1
v 1 1
v 2 2
v 3 1
v 4 1
v 5 1
v 6 2
v 7 1
v 8 1
v 9 1
v 10 3
v 11 2
v 12 1
v 13 1
v 14 3
v 15 1
v 16 1
v 17 3
v 18 1
v 19 1
e 0 1 1
e 1 2 1
e 2 3 1
e 3 4 2
e 0 5 2
e 3 6 1
e 6 7 2
e 7 8 1
e 4 9 1
e 1 10 2
e 7 11 1
e 11 12 1
e 12 13 1
e 13 14 1
e 11 15 1
e 15 16 1
e 16 17 1
e 2 18 1
e 18 19 1
e 4 5 1
e 8 9 2
