t # 184
v 0 1
v 1 2
v 2 1
v 3 2
v 4 3
v 5 4
v 6 4
v 7 1
v 8 1
v 9 1
v 10 2
v 11 2
v 12 2
v 13 2
v 14 2
v 15 2
v 16 2
v 17 2
v 18 1
v 19 1
e 0 1 2
e 1 2 1
e 1 3 1
e 2 4 1
e 3 5 1
e 4 7 1
e 4 8 1
e 4 9 1
e 5 10 1
e 5 11 1
e 6 12 1
e 6 13 1
e 6 14 1
e 7 15 1
e 8 16 1
e 9 17 1
e 15 18 2
e 16 19 2
e 10 12 1
e 11 15 1
e 13 16 1
e 14 17 1
t # 808
v 0 1
v 1 1
v 2 1
v 3 1
v 4 1
v 5 1
v 6 1
v 7 2
v 8 1
v 9 1
v 10 3
v 11 1
v 12 2
v 13 1
v 14 1
v 15 1
v 16 1
v 17 1
v 18 1
v 19 1
e 0 1 1
e 1 2 2
e 2 3 1
e 3 4 2
e 0 5 2
e 5 6 1
e 6 7 2
e 6 8 1
e 8 9 2
e 9 10 1
e 4 11 1
e 3 12 1
e 11 13 2
e 13 14 1
e 14 15 1
e 15 16 2
e 14 18 2
e 16 19 1
e 4 5 1
e 9 11 1
e 12 13 1
e 17 18 1
e 17 19 2
