t # 196
v 0 1
v 1 2
v 2 2
v 3 2
v 4 2
v 5 2
v 6 2
v 7 1
v 8 2
v 9 2
v 10 2
v 11 1
v 12 1
v 13 2
v 14 2
v 15 2
v 16 2
v 17 2
v 18 2
v 19 2
e 0 1 1
e 0 2 2
e 0 3 1
e 1 4 2
e 1 5 1
e 2 6 1
e 2 7 1
e 3 8 2
e 4 9 1
e 5 10 2
e 6 11 2
e 8 12 1
e 9 13 2
e 11 14 1
e 12 15 1
e 14 16 2
e 15 17 2
e 16 18 1
e 17 19 1
e 4 7 1
e 8 11 1
e 10 13 1
e 14 15 1
e 18 19 2
t # 1669
v 0 1
v 1 1
v 2 1
v 3 1
v 4 1
v 5 1
v 6 1
v 7 1
v 8 1
v 9 1
v 10 2
v 11 3
v 12 3
v 13 1
v 14 1
v 15 4
v 16 4
v 17 4
v 18 1
v 19 1
e 0 1 1
e 1 2 2
e 2 3 1
e 3 4 2
e 0 5 1
e 0 6 2
e 6 7 1
e 7 8 2
e 5 9 2
e 9 10 1
e 10 11 2
e 10 12 2
e 13 14 1
e 14 15 1
e 10 16 1
e 1 17 1
e 17 18 1
e 17 19 1
e 4 5 1
e 8 9 1
e 13 16 1
