t # 340
v 0 1
v 1 2
v 2 2
v 3 2
v 4 3
v 5 2
v 6 2
v 7 2
v 8 2
v 9 2
v 10 2
v 11 2
v 12 2
v 13 2
v 14 2
v 15 2
v 16 2
v 17 2
v 18 2
v 19 2
e 0 1 1
e 0 2 1
e 1 3 1
e 1 4 2
e 2 5 1
e 2 6 1
e 3 7 1
e 5 8 2
e 5 9 1
e 7 10 2
e 7 11 1
e 8 12 1
e 9 13 1
e 9 14 2
e 10 15 1
e 11 16 2
e 12 17 2
e 15 18 2
e 17 19 1
e 6 8 1
e 14 17 1
e 16 18 1
t # 2156
v 0 1
v 1 2
v 2 1
v 3 2
v 4 2
v 5 2
v 6 1
v 7 1
v 8 1
v 9 3
v 10 2
v 11 2
v 12 2
v 13 2
v 14 2
v 15 2
v 16 1
v 17 3
v 18 2
v 19 2
e 0 1 1
e 1 2 2
e 2 3 1
e 3 4 2
e 0 5 2
e 3 6 1
e 1 7 1
e 4 8 1
e 8 9 2
e 10 11 1
e 11 12 2
e 12 13 1
e 13 14 2
e 10 15 2
e 5 16 1
e 13 17 1
e 17 18 1
e 18 19 1
e 4 5 1
e 14 15 1
e 10 16 1
