t # 71
v 0 1
v 1 2
v 2 3
v 3 3
v 4 3
v 5 3
v 6 3
v 7 3
v 8 3
v 9 3
v 10 3
v 11 1
v 12 2
v 13 3
v 14 3
v 15 3
v 16 3
v 17 3
v 18 4
v 19 3
e 0 1 1
e 1 2 2
e 1 3 1
e 2 4 1
e 2 5 1
e 3 6 1
e 4 7 2
e 4 8 1
e 5 9 2
e 5 10 1
e 6 11 2
e 6 12 1
e 7 13 1
e 8 14 2
e 9 15 1
e 10 16 2
e 13 17 2
e 14 18 1
e 15 19 2
e 7 12 1
e 14 17 1
e 16 19 1
t # 2134
v 0 1
v 1 1
v 2 1
v 3 1
v 4 1
v 5 1
v 6 1
v 7 1
v 8 1
v 9 1
v 10 1
v 11 2
v 12 1
v 13 1
v 14 1
v 15 1
v 16 1
v 17 1
v 18 1
v 19 3
e 0 1 1
e 1 2 2
e 2 3 1
e 3 4 2
e 0 5 2
e 3 6 1
e 6 7 1
e 7 8 1
e 8 9 1
e 4 10 1
e 6 11 2
e 7 12 2
e 12 13 1
e 13 14 1
e 14 15 2
e 15 16 1
e 16 17 2
e 13 18 2
e 16 19 1
e 4 5 1
e 9 10 1
e 17 18 1
