t # 1099
v 0 1
v 1 2
v 2 2
v 3 2
v 4 2
v 5 2
v 6 2
v 7 1
v 8 1
v 9 2
v 10 1
v 11 1
v 12 2
v 13 2
v 14 2
v 15 2
v 16 2
v 17 1
v 18 2
v 19 2
e 0 1 1
e 1 2 1
e 1 3 1
e 1 4 1
e 2 5 1
e 5 6 1
e 5 7 2
e 7 8 1
e 0 9 2
e 9 10 1
e 10 11 1
e 8 12 1
e 12 13 1
e 13 14 1
e 14 15 2
e 15 16 1
e 16 17 1
e 16 18 2
e 13 19 2
e 8 9 1
e 11 12 2
e 18 19 1
t # 2359
v 0 1
v 1 1
v 2 1
v 3 1
v 4 1
v 5 1
v 6 2
v 7 1
v 8 1
v 9 1
v 10 3
v 11 1
v 12 1
v 13 1
v 14 1
v 15 1
v 16 1
v 17 1
v 18 1
v 19 3
e 0 1 1
e 0 5 2
e 1 2 2
e 2 3 1
e 3 4 2
e 4 7 1
e 4 5 1
e 5 6 1
e 7 8 2
e 8 9 1
e 9 10 1
e 9 13 1
e 9 19 1
e 10 11 1
e 11 12 1
e 12 19 1
e 13 14 1
e 13 18 2
e 14 15 2
e 15 16 1
e 16 17 2
e 17 18 1
