t # 1724
v 0 1
v 1 1
v 2 1
v 3 2
v 4 3
v 5 1
v 6 1
v 7 1
v 8 1
v 9 1
v 10 1
v 11 1
v 12 4
v 13 1
v 14 3
v 15 3
v 16 3
v 17 1
v 18 3
v 19 1
e 1 2 2
e 2 3 1
e 3 4 2
e 5 6 2
e 6 7 1
e 0 8 1
e 0 9 2
e 0 10 1
e 10 11 2
e 8 12 1
e 2 13 1
e 13 14 2
e 13 15 1
e 3 16 1
e 16 17 1
e 3 18 1
e 18 19 1
e 7 8 2
e 5 9 1
e 1 10 1
e 11 12 1
t # 2138
v 0 1
v 1 1
v 2 2
v 3 1
v 4 2
v 5 1
v 6 1
v 7 1
v 8 1
v 9 1
v 10 1
v 11 3
v 12 1
v 13 2
v 14 1
v 15 1
v 16 3
v 17 1
v 18 1
v 19 3
e 0 1 1
e 1 2 1
e 2 3 2
e 3 4 1
e 4 5 1
e 1 6 2
e 3 7 1
e 7 8 2
e 8 9 1
e 4 10 1
e 5 11 2
e 9 12 1
e 0 13 1
e 13 14 1
e 14 15 1
e 15 16 1
e 13 17 1
e 17 18 1
e 18 19 1
e 5 6 1
e 9 10 2
