t # 789
v 0 1
v 1 1
v 2 1
v 3 1
v 4 1
v 5 1
v 6 1
v 7 1
v 8 1
v 9 1
v 10 2
v 11 3
v 12 4
v 13 4
v 14 1
v 15 1
v 16 1
v 17 1
v 18 1
v 19 1
e 0 1 1
e 1 2 2
e 2 3 1
e 3 4 2
e 0 5 2
e 0 6 1
e 6 7 1
e 6 8 1
e 6 9 1
e 5 10 1
e 10 11 1
e 11 12 2
e 11 13 2
e 11 14 1
e 14 15 1
e 15 16 2
e 16 17 1
e 17 18 2
e 14 19 2
e 4 5 1
e 18 19 1
t # 1859
v 0 1
v 1 1
v 2 1
v 3 1
v 4 2
v 5 1
v 6 1
v 7 1
v 8 2
v 9 3
v 10 2
v 11 1
v 12 1
v 13 1
v 14 1
v 15 1
v 16 1
v 17 1
v 18 1
v 19 2
e 0 1 1
e 1 2 1
e 2 3 1
e 0 4 1
e 4 6 1
e 5 7 1
e 6 8 1
e 7 9 2
e 7 10 1
e 10 11 1
e 11 12 1
e 12 13 1
e 13 14 2
e 14 15 1
e 15 16 2
e 12 17 2
e 5 18 1
e 18 19 3
e 3 4 1
e 5 6 2
e 16 17 1
