t # 16
v 0 1
v 1 1
v 2 2
v 3 2
v 4 2
v 5 2
v 6 2
v 7 2
v 8 2
v 9 2
v 10 3
v 11 2
v 12 2
v 13 2
v 14 2
v 15 4
v 16 3
v 17 3
v 18 3
v 19 3
e 0 1 2
e 0 2 1
e 1 3 1
e 2 4 2
e 2 5 1
e 3 6 2
e 3 7 1
e 4 8 1
e 5 9 2
e 6 10 1
e 6 11 1
e 7 12 2
e 8 13 2
e 11 14 2
e 13 15 1
e 14 16 1
e 15 17 2
e 15 18 2
e 15 19 1
e 9 13 1
e 12 14 1
t # 1293
v 0 1
v 1 2
v 2 2
v 3 2
v 4 2
v 5 1
v 6 2
v 7 2
v 8 2
v 9 2
v 10 2
v 11 2
v 12 2
v 13 2
v 14 2
v 15 2
v 16 2
v 17 1
v 18 2
v 19 2
e 0 1 2
e 1 2 1
e 2 3 2
e 3 4 1
e 4 5 2
e 4 6 1
e 1 7 1
e 7 8 1
e 6 9 1
e 6 10 1
e 11 12 2
e 12 13 1
e 13 14 2
e 14 15 1
e 9 16 1
e 2 17 1
e 17 18 1
e 8 19 1
e 6 7 1
e 8 9 1
e 15 16 2
e 11 16 1
