t # 739
v 0 1
v 1 1
v 2 1
v 3 1
v 4 2
v 5 1
v 6 2
v 7 2
v 8 3
v 9 1
v 10 3
v 11 1
v 12 1
v 13 3
v 14 1
v 15 3
v 16 2
v 17 1
v 18 1
v 19 1
e 0 1 1
e 1 2 1
e 2 3 1
e 0 4 1
e 3 5 2
e 5 6 1
e 4 7 1
e 2 8 1
e 8 9 1
e 9 10 2
e 9 11 1
e 5 12 1
e 12 13 1
e 13 14 1
e 14 15 2
e 14 16 1
e 16 17 1
e 17 18 1
e 17 19 1
e 3 4 1
e 6 7 2
t # 1369
v 0 1
v 1 1
v 2 1
v 3 1
v 4 2
v 5 1
v 6 2
v 7 1
v 8 1
v 9 1
v 10 3
v 11 1
v 12 3
v 13 2
v 14 1
v 15 2
v 16 3
v 17 1
v 18 1
v 19 1
e 0 1 2
e 1 2 1
e 2 3 2
e 3 4 1
e 0 5 1
e 5 6 2
e 6 7 1
e 7 8 2
e 4 9 1
e 9 10 2
e 8 11 1
e 11 12 1
e 11 13 1
e 13 14 1
e 7 15 1
e 14 16 2
e 13 17 1
e 15 18 1
e 18 19 1
e 4 5 1
e 8 9 1
e 14 15 1
