t # 1314
v 0 1
v 1 2
v 2 2
v 3 2
v 4 2
v 5 2
v 6 3
v 7 2
v 8 1
v 9 3
v 10 2
v 11 2
v 12 2
v 13 2
v 14 3
v 15 2
v 16 1
v 17 2
v 18 1
v 19 2
e 0 1 2
e 1 2 1
e 3 4 1
e 1 5 1
e 2 6 1
e 3 8 2
e 4 9 1
e 9 10 1
e 10 11 1
e 11 12 1
e 9 13 1
e 5 14 1
e 2 15 2
e 12 16 1
e 6 17 1
e 17 18 2
e 17 19 1
e 4 5 2
e 12 13 1
e 13 14 2
e 7 15 1
e 3 15 1
t # 2196
v 0 1
v 1 1
v 2 1
v 3 1
v 4 1
v 5 1
v 6 1
v 7 1
v 8 1
v 9 2
v 10 1
v 11 3
v 12 4
v 13 2
v 14 4
v 15 1
v 16 1
v 17 1
v 18 4
v 19 1
e 0 1 1
e 1 2 2
e 2 3 1
e 3 4 2
e 0 5 2
e 5 6 1
e 6 8 2
e 8 9 1
e 9 10 1
e 7 11 2
e 7 12 1
e 10 13 2
e 2 14 1
e 14 15 1
e 15 16 1
e 16 17 1
e 17 18 3
e 14 19 1
e 4 5 1
e 7 8 1
e 10 12 1
