t # 257
v 0 1
v 1 2
v 2 1
v 3 1
v 4 3
v 5 4
v 6 4
v 7 4
v 8 1
v 9 1
v 10 1
v 11 1
v 12 1
v 13 1
v 14 1
v 15 1
v 16 1
v 17 1
v 18 1
v 19 1
e 0 1 1
e 0 2 1
e 0 3 1
e 1 4 1
e 1 5 2
e 1 6 2
e 2 7 1
e 2 8 1
e 2 9 1
e 3 10 2
e 3 11 1
e 4 12 1
e 4 13 1
e 8 14 1
e 9 15 1
e 10 16 1
e 11 17 2
e 14 18 1
e 16 19 2
e 15 18 1
e 17 19 1
t # 834
v 0 1
v 1 1
v 2 1
v 3 1
v 4 1
v 5 1
v 6 2
v 7 1
v 8 3
v 9 1
v 10 1
v 11 1
v 12 1
v 13 1
v 14 1
v 15 1
v 16 2
v 17 1
v 18 3
v 19 1
e 0 1 1
e 1 2 2
e 2 3 1
e 3 4 2
e 0 5 2
e 0 6 1
e 6 7 1
e 7 8 2
e 7 9 1
e 10 11 1
e 11 12 2
e 12 13 1
e 13 14 2
e 5 15 1
e 10 16 1
e 16 17 1
e 17 18 2
e 9 19 1
e 4 5 1
e 14 15 1
e 10 15 2
e 17 19 1
