t # 1723
v 0 1
v 1 1
v 2 1
v 3 2
v 4 3
v 5 4
v 6 1
v 7 1
v 8 1
v 9 1
v 10 1
v 11 4
v 12 1
v 13 4
v 14 1
v 15 4
v 16 1
v 17 4
v 18 1
v 19 1
e 0 1 1
e 1 2 1
e 2 3 2
e 2 4 1
e 4 5 2
e 6 7 1
e 7 8 2
e 0 9 2
e 0 10 1
e 7 11 1
e 11 12 1
e 6 13 1
e 13 14 1
e 3 15 1
e 4 16 1
e 4 17 1
e 17 18 1
e 18 19 1
e 8 9 1
e 6 10 2
t # 2051
v 0 1
v 1 2
v 2 1
v 3 1
v 4 1
v 5 1
v 6 1
v 7 1
v 8 1
v 9 1
v 10 1
v 11 1
v 12 2
v 13 3
v 14 2
v 15 1
v 16 1
v 17 2
v 18 2
v 19 1
e 0 1 1
e 1 2 1
e 2 3 1
e 0 5 1
e 2 6 2
e 6 7 1
e 7 8 2
e 3 9 2
e 9 10 1
e 10 11 1
e 4 12 2
e 4 13 1
e 6 14 1
e 14 15 1
e 11 16 1
e 16 17 2
e 16 18 1
e 18 19 1
e 4 5 1
e 8 9 1
e 11 13 1
