t # 1643
v 0 1
v 1 1
v 2 1
v 3 2
v 4 1
v 5 1
v 6 2
v 7 1
v 8 3
v 9 1
v 10 1
v 11 1
v 12 1
v 13 1
v 14 1
v 15 1
v 16 2
v 17 3
v 18 3
v 19 3
e 0 1 1
e 1 2 2
e 2 3 1
e 3 4 2
e 0 5 2
e 5 6 1
e 6 7 1
e 4 8 1
e 6 9 1
e 9 10 1
e 10 11 1
e 11 12 2
e 12 13 1
e 13 14 2
e 10 15 2
e 13 16 1
e 7 17 2
e 16 18 2
e 16 19 1
e 4 5 1
e 7 8 1
e 14 15 1
t # 1914
v 0 1
v 1 1
v 2 2
v 3 1
v 4 1
v 5 1
v 6 1
v 7 1
v 8 2
v 9 1
v 10 1
v 11 1
v 12 3
v 13 3
v 14 2
v 15 4
v 16 4
v 17 2
v 18 4
v 19 4
e 0 1 1
e 1 2 2
e 2 3 1
e 3 4 2
e 0 5 2
e 6 7 2
e 7 8 1
e 8 9 2
e 9 10 1
e 6 11 1
e 3 12 1
e 7 13 1
e 10 14 1
e 14 15 2
e 14 16 1
e 0 17 1
e 17 18 2
e 17 19 1
e 4 5 1
e 10 11 2
e 12 13 1
