t # 1005
v 0 1
v 1 1
v 2 1
v 3 1
v 4 1
v 5 1
v 6 1
v 7 1
v 8 1
v 9 1
v 10 2
v 11 1
v 12 2
v 13 1
v 14 1
v 15 1
v 16 1
v 17 1
v 18 1
v 19 3
e 0 1 1
e 1 2 2
e 2 3 1
e 3 4 2
e 0 5 2
e 3 6 1
e 6 7 2
e 7 8 1
e 7 9 1
e 8 10 2
e 8 11 1
e 9 12 2
e 9 13 1
e 13 14 1
e 14 15 2
e 15 16 1
e 16 17 2
e 13 18 2
e 1 19 1
e 4 5 1
e 17 18 1
t # 2001
v 0 1
v 1 2
v 2 2
v 3 2
v 4 2
v 5 2
v 6 1
v 7 2
v 8 2
v 9 3
v 10 2
v 11 3
v 12 2
v 13 3
v 14 2
v 15 3
v 16 2
v 17 2
v 18 2
v 19 2
e 0 1 1
e 1 2 1
e 2 3 1
e 3 4 1
e 0 5 1
e 1 6 1
e 4 7 1
e 1 8 1
e 5 9 2
e 4 10 1
e 10 11 3
e 3 12 1
e 12 13 3
e 3 14 1
e 14 15 3
e 2 16 1
e 8 17 1
e 16 18 1
e 7 19 1
e 4 5 1
e 6 7 1
e 17 18 1
