t # 2291
v 0 1
v 1 1
v 2 1
v 3 2
v 4 1
v 5 1
v 6 2
v 7 2
v 8 1
v 9 1
v 10 1
v 11 1
v 12 1
v 13 1
v 14 1
v 15 1
v 16 1
v 17 1
v 18 2
v 19 2
e 0 1 1
e 1 2 1
e 2 3 1
e 0 4 1
e 4 5 1
e 0 6 1
e 5 7 1
e 2 8 1
e 8 9 1
e 9 10 2
e 10 11 1
e 11 12 2
e 8 13 2
e 9 14 1
e 14 15 2
e 15 16 1
e 10 17 1
e 16 18 1
e 15 19 1
e 3 4 1
e 12 13 1
e 16 17 2
t # 2319
v 0 1
v 1 1
v 2 1
v 3 2
v 4 1
v 5 1
v 6 2
v 7 1
v 8 1
v 9 1
v 10 1
v 11 1
v 12 1
v 13 3
v 14 3
v 15 1
v 16 3
v 17 1
v 18 1
v 19 3
e 0 1 1
e 0 6 1
e 0 14 2
e 1 2 2
e 1 10 1
e 2 3 1
e 2 7 1
e 3 4 1
e 3 15 1
e 4 5 1
e 4 13 2
e 5 12 1
e 5 6 1
e 6 11 1
e 7 8 2
e 8 9 1
e 9 10 2
e 11 17 1
e 12 17 1
e 15 16 1
e 16 18 1
e 17 19 1
