t # 1521
v 0 1
v 1 1
v 2 1
v 3 1
v 4 2
v 5 1
v 6 1
v 7 1
v 8 1
v 9 1
v 10 3
v 11 2
v 12 2
v 13 2
v 14 1
v 15 1
v 16 1
v 17 1
v 18 2
v 19 2
e 0 1 1
e 1 2 2
e 2 3 1
e 3 4 1
e 0 5 1
e 0 6 2
e 6 7 1
e 7 8 2
e 5 9 2
e 2 10 1
e 10 11 2
e 10 12 1
e 10 13 1
e 13 14 1
e 12 15 1
e 15 16 1
e 14 17 1
e 3 18 2
e 7 19 1
e 4 5 1
e 8 9 1
t # 1574
v 0 1
v 1 1
v 2 1
v 3 1
v 4 1
v 5 1
v 6 1
v 7 1
v 8 1
v 9 2
v 10 3
v 11 1
v 12 1
v 13 3
v 14 1
v 15 1
v 16 1
v 17 1
v 18 1
v 19 1
e 0 1 1
e 1 2 2
e 2 3 1
e 3 4 2
e 0 5 2
e 2 6 1
e 6 7 1
e 3 8 1
e 8 9 2
e 6 10 2
e 7 11 2
e 11 12 1
e 10 13 1
e 14 15 2
e 12 16 1
e 16 17 2
e 17 18 1
e 14 19 1
e 4 5 1
e 7 8 1
e 12 13 2
e 15 16 1
e 18 19 2
