t # 675
v 0 1
v 1 1
v 2 1
v 3 1
v 4 1
v 5 1
v 6 2
v 7 1
v 8 1
v 9 3
v 10 1
v 11 4
v 12 3
v 13 1
v 14 2
v 15 1
v 16 2
v 17 2
v 18 1
v 19 1
e 0 1 1
e 1 2 2
e 2 3 1
e 3 4 2
e 0 5 2
e 2 6 1
e 6 7 1
e 7 8 1
e 3 9 1
e 9 10 2
e 4 11 1
e 10 12 1
e 12 13 1
e 13 14 2
e 13 15 1
e 15 16 2
e 15 17 1
e 17 18 1
e 18 19 1
e 4 5 1
e 10 11 1
t # 1927
v 0 1
v 1 1
v 2 1
v 3 1
v 4 1
v 5 1
v 6 2
v 7 1
v 8 1
v 9 2
v 10 1
v 11 1
v 12 1
v 13 3
v 14 1
v 15 1
v 16 2
v 17 2
v 18 1
v 19 1
e 0 1 1
e 1 2 1
e 2 3 1
e 3 4 1
e 0 5 1
e 5 6 2
e 4 7 1
e 7 8 1
e 7 9 2
e 8 10 1
e 10 11 1
e 11 12 1
e 12 13 1
e 13 14 1
e 10 15 1
e 12 16 2
e 14 17 2
e 2 18 1
e 13 19 1
e 4 5 1
e 14 15 1
