t # 314
v 0 1
v 1 2
v 2 2
v 3 1
v 4 3
v 5 2
v 6 2
v 7 2
v 8 2
v 9 2
v 10 2
v 11 2
v 12 1
v 13 2
v 14 2
v 15 2
v 16 2
v 17 4
v 18 2
v 19 4
e 0 1 1
e 0 2 1
e 1 3 1
e 1 4 2
e 2 5 2
e 2 6 1
e 3 7 1
e 5 8 1
e 5 9 1
e 6 10 2
e 7 11 1
e 8 12 2
e 8 13 1
e 9 14 2
e 10 15 1
e 11 16 2
e 11 17 1
e 13 18 2
e 16 19 1
e 10 12 1
e 14 18 1
t # 2063
v 0 1
v 1 2
v 2 1
v 3 1
v 4 2
v 5 1
v 6 1
v 7 3
v 8 1
v 9 1
v 10 2
v 11 3
v 12 1
v 13 1
v 14 1
v 15 1
v 16 1
v 17 1
v 18 1
v 19 4
e 0 1 1
e 1 2 2
e 0 3 1
e 2 4 1
e 4 5 1
e 5 6 1
e 6 7 1
e 7 8 1
e 4 9 1
e 2 10 1
e 3 11 2
e 0 12 2
e 12 13 1
e 13 14 1
e 14 15 2
e 15 16 1
e 16 17 2
e 13 18 2
e 16 19 1
e 8 9 1
e 3 10 1
e 17 18 1
