t # 1376
v 0 1
v 1 2
v 2 2
v 3 2
v 4 2
v 5 2
v 6 3
v 7 1
v 8 2
v 9 4
v 10 2
v 11 2
v 12 2
v 13 4
v 14 4
v 15 2
v 16 4
v 17 4
v 18 1
v 19 2
e 0 1 1
e 1 2 1
e 2 3 1
e 0 4 1
e 1 5 1
e 3 6 1
e 5 7 1
e 8 9 2
e 9 10 1
e 10 11 2
e 11 12 1
e 8 13 1
e 4 14 1
e 14 15 1
e 11 16 1
e 12 17 1
e 17 18 1
e 18 19 1
e 3 4 1
e 12 13 2
e 10 14 1
e 15 16 2
t # 2044
v 0 1
v 1 1
v 2 2
v 3 3
v 4 2
v 5 2
v 6 2
v 7 1
v 8 2
v 9 2
v 10 2
v 11 2
v 12 2
v 13 2
v 14 1
v 15 2
v 16 2
v 17 4
v 18 2
v 19 2
e 0 1 1
e 1 2 1
e 2 3 1
e 0 4 2
e 1 5 1
e 5 6 2
e 2 7 2
e 6 8 1
e 8 9 1
e 9 10 2
e 10 11 1
e 11 12 2
e 8 13 2
e 4 14 1
e 14 15 1
e 15 16 1
e 16 17 1
e 17 18 1
e 14 19 1
e 3 4 1
e 6 7 1
e 12 13 1
e 18 19 1
