t # 65
v 0 1
v 1 2
v 2 2
v 3 3
v 4 3
v 5 3
v 6 3
v 7 3
v 8 3
v 9 3
v 10 3
v 11 3
v 12 3
v 13 3
v 14 3
v 15 3
v 16 2
v 17 2
v 18 2
v 19 3
e 0 1 2
e 0 2 2
e 0 3 1
e 0 4 1
e 3 5 2
e 3 6 1
e 4 7 2
e 4 8 1
e 5 9 1
e 6 10 2
e 7 11 1
e 8 12 2
e 9 13 2
e 11 14 2
e 13 15 1
e 14 16 1
e 15 17 2
e 15 18 1
e 16 19 1
e 10 13 1
e 12 14 1
t # 1940
v 0 1
v 1 2
v 2 3
v 3 3
v 4 4
v 5 4
v 6 4
v 7 4
v 8 4
v 9 4
v 10 5
v 11 4
v 12 4
v 13 4
v 14 4
v 15 4
v 16 4
v 17 1
v 18 3
v 19 3
e 0 1 1
e 1 2 2
e 1 3 2
e 1 4 1
e 4 5 1
e 5 6 2
e 6 7 1
e 7 8 2
e 4 9 2
e 0 10 2
e 10 11 1
e 11 12 1
e 12 13 2
e 13 14 1
e 14 15 2
e 11 16 2
e 7 17 1
e 17 18 2
e 17 19 1
e 8 9 1
e 15 16 1
