t # 38
v 0 1
v 1 2
v 2 1
v 3 1
v 4 1
v 5 3
v 6 3
v 7 4
v 8 2
v 9 2
v 10 4
v 11 1
v 12 1
v 13 2
v 14 1
v 15 1
v 16 3
v 17 3
v 18 2
v 19 2
e 0 1 1
e 0 2 1
e 0 3 1
e 1 4 1
e 2 5 2
e 2 6 1
e 3 7 1
e 4 8 2
e 4 9 1
e 7 10 1
e 10 11 1
e 11 12 1
e 12 13 1
e 12 14 1
e 13 15 1
e 14 16 2
e 14 17 1
e 15 18 2
e 15 19 1
t # 1727
v 0 1
v 1 2
v 2 3
v 3 2
v 4 3
v 5 3
v 6 3
v 7 3
v 8 2
v 9 2
v 10 3
v 11 3
v 12 3
v 13 3
v 14 3
v 15 3
v 16 3
v 17 4
v 18 3
v 19 3
e 0 1 2
e 0 2 1
e 0 3 1
e 0 4 1
e 3 5 1
e 5 6 1
e 4 7 1
e 7 8 2
e 7 9 1
e 4 10 1
e 11 12 2
e 12 13 1
e 13 14 2
e 14 15 1
e 11 16 1
e 13 17 1
e 17 18 1
e 10 19 1
e 15 16 2
e 18 19 2
e 14 19 1
