t # 0
v 0 1
v 1 1
v 2 1
v 3 1
v 4 1
v 5 2
v 6 2
v 7 2
v 8 2
v 9 2
v 10 3
v 11 3
v 12 3
v 13 3
v 14 3
v 15 3
v 16 3
v 17 3
v 18 3
v 19 4
v 20 4
v 21 4
v 22 4
v 23 4
v 24 4
v 25 4
v 26 4
v 27 4
v 28 4
v 29 4
e 0 5 1
e 0 23 1
e 1 12 1
e 1 24 1
e 2 14 2
e 3 16 2
e 4 17 2
e 5 10 1
e 5 12 1
e 6 11 1
e 6 13 2
e 7 10 1
e 7 15 2
e 8 14 1
e 8 15 1
e 8 22 1
e 9 15 1
e 9 25 1
e 9 26 1
e 10 11 1
e 10 19 1
e 11 14 1
e 11 20 1
e 12 13 1
e 12 21 1
e 13 16 1
e 16 17 1
e 17 18 1
e 18 27 1
e 18 28 1
e 18 29 1
t # 26
v 0 1
v 1 1
v 2 1
v 3 2
v 4 2
v 5 3
v 6 3
v 7 4
v 8 4
v 9 4
v 10 4
v 11 4
v 12 4
v 13 4
v 14 4
v 15 4
v 16 4
v 17 4
v 18 4
v 19 5
v 20 5
v 21 5
v 22 5
v 23 5
v 24 5
v 25 5
v 26 5
v 27 5
v 28 5
v 29 5
e 0 18 1
e 1 18 1
e 2 18 1
e 3 8 1
e 3 29 1
e 4 9 2
e 5 9 1
e 5 10 1
e 5 24 1
e 6 17 3
e 7 8 1
e 7 9 1
e 7 17 1
e 7 19 1
e 8 11 1
e 8 20 1
e 10 13 2
e 10 14 1
e 11 21 1
e 11 22 1
e 11 23 1
e 12 15 2
e 12 16 1
e 12 18 1
e 13 15 1
e 13 25 1
e 14 16 2
e 14 26 1
e 15 27 1
e 16 28 1
