t # 69
v 0 1
v 1 2
v 2 2
v 3 3
v 4 3
v 5 3
v 6 3
v 7 3
v 8 3
v 9 3
v 10 3
v 11 3
v 12 3
v 13 3
v 14 3
v 15 3
v 16 4
v 17 4
v 18 4
v 19 4
v 20 4
v 21 4
v 22 4
v 23 4
v 24 4
v 25 4
v 26 4
v 27 4
v 28 4
v 29 4
e 0 12 1
e 0 15 1
e 1 4 1
e 1 7 1
e 1 18 1
e 2 8 1
e 2 9 2
e 3 4 2
e 3 5 1
e 3 6 1
e 4 9 1
e 5 8 1
e 5 16 1
e 5 17 1
e 6 7 2
e 6 10 1
e 7 11 1
e 8 19 1
e 8 20 1
e 9 13 1
e 10 14 2
e 10 21 1
e 11 12 2
e 11 22 1
e 12 14 1
e 13 24 1
e 13 25 1
e 13 26 1
e 14 23 1
e 15 27 1
e 15 28 1
e 15 29 1
t # 255
v 0 1
v 1 2
v 2 2
v 3 3
v 4 3
v 5 3
v 6 3
v 7 3
v 8 3
v 9 3
v 10 3
v 11 3
v 12 3
v 13 3
v 14 3
v 15 4
v 16 4
v 17 4
v 18 4
v 19 4
v 20 4
v 21 4
v 22 4
v 23 4
v 24 4
v 25 4
v 26 4
v 27 4
v 28 4
v 29 4
e 0 7 1
e 1 6 1
e 1 8 1
e 2 8 2
e 3 4 1
e 3 5 1
e 3 15 1
e 3 16 1
e 4 6 1
e 4 17 1
e 4 18 1
e 5 7 1
e 5 19 1
e 5 20 1
e 6 21 1
e 6 22 1
e 7 23 1
e 7 24 1
e 8 9 1
e 9 10 2
e 9 11 1
e 10 12 1
e 10 25 1
e 11 13 2
e 11 26 1
e 12 14 2
e 12 27 1
e 13 14 1
e 13 28 1
e 14 29 1
