t # 221
v 0 1
v 1 2
v 2 3
v 3 4
v 4 4
v 5 4
v 6 4
v 7 4
v 8 4
v 9 4
v 10 4
v 11 5
v 12 5
v 13 5
v 14 5
v 15 5
v 16 5
v 17 5
v 18 5
v 19 5
v 20 5
v 21 5
v 22 5
v 23 5
v 24 5
v 25 5
v 26 5
v 27 5
v 28 5
v 29 5
e 1 7 1
e 2 3 1
e 2 4 1
e 2 5 1
e 2 6 1
e 3 7 1
e 3 11 1
e 3 12 1
e 4 8 1
e 4 13 1
e 4 14 1
e 5 9 1
e 5 15 1
e 5 16 1
e 6 10 1
e 6 17 1
e 6 18 1
e 7 19 1
e 7 20 1
e 8 21 1
e 8 22 1
e 8 23 1
e 9 24 1
e 9 25 1
e 9 26 1
e 10 27 1
e 10 28 1
e 10 29 1
t # 381
v 0 1
v 1 2
v 2 3
v 3 3
v 4 3
v 5 3
v 6 3
v 7 3
v 8 3
v 9 3
v 10 3
v 11 3
v 12 3
v 13 3
v 14 3
v 15 4
v 16 4
v 17 4
v 18 4
v 19 4
v 20 4
v 21 4
v 22 4
v 23 4
v 24 4
v 25 4
v 26 4
v 27 4
v 28 4
v 29 4
e 0 9 2
e 1 9 1
e 1 11 2
e 2 4 2
e 2 5 1
e 2 6 1
e 3 4 1
e 3 7 2
e 3 9 1
e 4 15 1
e 5 10 1
e 5 12 2
e 6 8 2
e 6 16 1
e 7 8 1
e 7 17 1
e 8 18 1
e 10 19 1
e 10 20 1
e 10 21 1
e 11 13 1
e 11 14 1
e 12 22 1
e 12 23 1
e 13 24 1
e 13 25 1
e 13 26 1
e 14 27 1
e 14 28 1
e 14 29 1
