t # 377
v 0 1
v 1 1
v 2 2
v 3 2
v 4 2
v 5 2
v 6 2
v 7 2
v 8 2
v 9 2
v 10 2
v 11 2
v 12 2
v 13 2
v 14 3
v 15 3
v 16 3
v 17 3
v 18 3
v 19 3
v 20 3
v 21 3
v 22 3
v 23 3
v 24 3
v 25 3
v 26 3
v 27 3
v 28 3
v 29 3
e 0 5 1
e 0 7 1
e 1 7 2
e 2 3 1
e 2 4 1
e 2 14 1
e 2 15 1
e 3 5 1
e 3 16 1
e 3 17 1
e 4 6 1
e 4 18 1
e 4 19 1
e 5 20 1
e 5 21 1
e 6 22 1
e 6 23 1
e 6 24 1
e 7 8 1
e 8 9 2
e 8 10 1
e 9 11 1
e 9 25 1
e 10 12 2
e 10 26 1
e 11 13 2
e 11 27 1
e 12 13 1
e 12 28 1
e 13 29 1
t # 390
v 0 1
v 1 1
v 2 1
v 3 1
v 4 1
v 5 1
v 6 1
v 7 1
v 8 2
v 9 2
v 10 2
v 11 2
v 12 3
v 13 3
v 14 3
v 15 3
v 16 3
v 17 3
v 18 3
v 19 3
v 20 3
v 21 3
v 22 3
v 23 3
v 24 4
v 25 4
v 26 4
v 27 4
v 28 4
v 29 4
e 0 8 1
e 1 9 1
e 2 8 2
e 3 9 2
e 4 10 1
e 5 11 1
e 6 10 2
e 7 11 2
e 8 18 1
e 9 19 1
e 10 20 1
e 11 21 1
e 12 13 1
e 12 14 2
e 12 16 1
e 13 15 2
e 13 17 1
e 14 18 1
e 14 24 1
e 15 19 1
e 15 25 1
e 16 22 2
e 16 26 1
e 17 23 2
e 17 27 1
e 18 20 2
e 19 21 2
e 20 22 1
e 21 23 1
e 22 28 1
e 23 29 1
