t # 151
v 0 1
v 1 1
v 2 1
v 3 1
v 4 2
v 5 2
v 6 2
v 7 2
v 8 2
v 9 2
v 10 2
v 11 2
v 12 2
v 13 2
v 14 3
v 15 3
v 16 3
v 17 3
v 18 3
v 19 3
v 20 3
v 21 3
v 22 3
v 23 3
v 24 3
v 25 3
v 26 3
v 27 3
v 28 3
v 29 3
e 0 10 1
e 0 12 1
e 1 11 1
e 1 13 1
e 2 10 2
e 3 11 2
e 4 7 1
e 4 9 1
e 4 10 1
e 4 14 1
e 5 6 1
e 5 8 1
e 5 11 1
e 5 15 1
e 6 7 1
e 6 16 1
e 6 17 1
e 7 20 1
e 7 21 1
e 8 9 1
e 8 18 1
e 8 19 1
e 9 22 1
e 9 23 1
e 12 24 1
e 12 25 1
e 12 26 1
e 13 27 1
e 13 28 1
e 13 29 1
t # 339
v 0 1
v 1 2
v 2 2
v 3 2
v 4 2
v 5 2
v 6 2
v 7 2
v 8 2
v 9 2
v 10 2
v 11 2
v 12 2
v 13 2
v 14 2
v 15 2
v 16 3
v 17 3
v 18 3
v 19 3
v 20 3
v 21 3
v 22 3
v 23 3
v 24 3
v 25 3
v 26 3
v 27 3
v 28 3
v 29 3
e 0 7 1
e 0 15 1
e 1 3 1
e 1 4 2
e 1 5 1
e 2 6 1
e 2 10 2
e 2 11 1
e 3 6 2
e 3 16 1
e 4 8 1
e 4 17 1
e 5 9 2
e 5 18 1
e 6 19 1
e 7 8 2
e 7 9 1
e 8 20 1
e 9 21 1
e 10 12 1
e 10 22 1
e 11 13 2
e 11 23 1
e 12 14 2
e 12 24 1
e 13 14 1
e 13 25 1
e 14 26 1
e 15 27 1
e 15 28 1
e 15 29 1
