t # 94
v 0 1
v 1 1
v 2 1
v 3 1
v 4 2
v 5 2
v 6 2
v 7 3
v 8 3
v 9 3
v 10 3
v 11 3
v 12 3
v 13 3
v 14 3
v 15 3
v 16 3
v 17 3
v 18 3
v 19 4
v 20 4
v 21 4
v 22 4
v 23 4
v 24 4
v 25 4
v 26 4
v 27 4
v 28 4
v 29 4
e 0 5 1
e 0 28 1
e 1 5 1
e 1 29 1
e 2 18 2
e 3 6 2
e 4 13 2
e 4 18 1
e 5 14 1
e 6 17 1
e 7 8 2
e 7 9 1
e 7 13 1
e 8 10 1
e 8 14 1
e 9 11 1
e 9 19 1
e 9 20 1
e 10 12 1
e 10 21 1
e 10 22 1
e 11 12 1
e 11 23 1
e 11 24 1
e 12 25 1
e 12 26 1
e 13 15 1
e 14 16 2
e 15 16 1
e 15 17 2
e 16 27 1
e 17 18 1
t # 212
v 0 1
v 1 2
v 2 2
v 3 3
v 4 4
v 5 4
v 6 4
v 7 4
v 8 4
v 9 4
v 10 4
v 11 4
v 12 4
v 13 4
v 14 4
v 15 4
v 16 5
v 17 5
v 18 5
v 19 5
v 20 5
v 21 5
v 22 5
v 23 5
v 24 5
v 25 5
v 26 5
v 27 5
v 28 5
v 29 5
e 0 9 1
e 1 7 1
e 1 14 1
e 2 8 1
e 2 15 1
e 3 4 1
e 3 5 1
e 3 6 1
e 4 7 1
e 4 16 1
e 4 17 1
e 5 8 1
e 5 18 1
e 5 19 1
e 6 9 1
e 6 20 1
e 6 21 1
e 7 10 2
e 8 11 2
e 9 22 1
e 9 23 1
e 10 12 1
e 10 24 1
e 11 13 1
e 11 25 1
e 12 14 2
e 12 26 1
e 13 15 2
e 13 27 1
e 14 28 1
e 15 29 1
