t # 168
v 0 1
v 1 2
v 2 2
v 3 2
v 4 2
v 5 2
v 6 2
v 7 2
v 8 2
v 9 2
v 10 2
v 11 2
v 12 2
v 13 2
v 14 2
v 15 3
v 16 3
v 17 3
v 18 3
v 19 3
v 20 3
v 21 3
v 22 3
v 23 3
v 24 3
v 25 3
v 26 3
v 27 3
v 28 3
v 29 3
e 0 1 1
e 0 2 1
e 0 19 1
e 1 3 1
e 1 15 1
e 1 16 1
e 2 4 1
e 2 17 1
e 2 18 1
e 3 5 2
e 3 7 1
e 4 6 2
e 4 8 1
e 5 9 1
e 5 20 1
e 6 10 1
e 6 21 1
e 7 11 2
e 7 22 1
e 8 12 2
e 8 23 1
e 9 13 2
e 9 24 1
e 10 14 2
e 10 25 1
e 11 13 1
e 11 26 1
e 12 14 1
e 12 27 1
e 13 28 1
e 14 29 1
t # 400
v 0 1
v 1 1
v 2 2
v 3 2
v 4 2
v 5 2
v 6 2
v 7 2
v 8 2
v 9 2
v 10 2
v 11 2
v 12 2
v 13 2
v 14 2
v 15 2
v 16 2
v 17 2
v 18 2
v 19 2
v 20 3
v 21 3
v 22 3
v 23 3
v 24 3
v 25 3
v 26 3
v 27 3
v 28 3
v 29 3
e 0 7 2
e 1 9 2
e 2 3 2
e 2 4 1
e 2 7 1
e 3 9 1
e 3 10 1
e 4 8 1
e 4 12 2
e 5 6 1
e 5 7 1
e 5 13 2
e 6 9 1
e 6 14 2
e 8 11 1
e 8 15 2
e 10 11 2
e 10 20 1
e 11 21 1
e 12 16 1
e 12 22 1
e 13 18 1
e 13 23 1
e 14 19 1
e 14 24 1
e 15 17 1
e 15 25 1
e 16 17 2
e 16 26 1
e 17 27 1
e 18 19 2
e 18 28 1
e 19 29 1
