t # 3
v 0 1
v 1 1
v 2 1
v 3 2
v 4 2
v 5 2
v 6 2
v 7 2
v 8 3
v 9 3
v 10 3
v 11 3
v 12 3
v 13 3
v 14 3
v 15 3
v 16 3
v 17 4
v 18 4
v 19 4
v 20 4
v 21 4
v 22 4
v 23 4
v 24 4
v 25 4
v 26 4
v 27 4
v 28 4
v 29 4
e 0 8 1
e 0 26 1
e 1 11 1
e 1 27 1
e 2 15 2
e 3 10 1
e 3 12 1
e 3 21 1
e 4 9 2
e 4 13 1
e 5 12 1
e 5 16 1
e 5 25 1
e 6 15 1
e 6 16 2
e 7 16 1
e 7 28 1
e 7 29 1
e 8 9 1
e 8 11 1
e 8 17 1
e 9 10 1
e 10 18 1
e 10 19 1
e 11 14 1
e 11 20 1
e 12 13 2
e 13 15 1
e 14 22 1
e 14 23 1
e 14 24 1
t # 79
v 0 1
v 1 1
v 2 2
v 3 2
v 4 3
v 5 4
v 6 4
v 7 4
v 8 4
v 9 4
v 10 4
v 11 4
v 12 4
v 13 4
v 14 4
v 15 4
v 16 4
v 17 4
v 18 4
v 19 5
v 20 5
v 21 5
v 22 5
v 23 5
v 24 5
v 25 5
v 26 5
v 27 5
v 28 5
v 29 5
e 0 8 1
e 1 10 1
e 2 18 1
e 2 29 1
e 3 18 2
e 4 5 1
e 4 6 1
e 4 19 1
e 5 8 1
e 5 10 2
e 6 9 1
e 6 12 2
e 7 8 2
e 7 11 1
e 7 15 1
e 9 14 2
e 9 18 1
e 10 13 1
e 11 13 2
e 11 20 1
e 12 16 1
e 12 21 1
e 13 22 1
e 14 17 1
e 14 23 1
e 15 24 1
e 15 25 1
e 15 26 1
e 16 17 2
e 16 27 1
e 17 28 1
