t # 125
v 0 1
v 1 2
v 2 3
v 3 3
v 4 4
v 5 4
v 6 4
v 7 4
v 8 4
v 9 4
v 10 4
v 11 4
v 12 4
v 13 4
v 14 4
v 15 5
v 16 5
v 17 5
v 18 5
v 19 5
v 20 5
v 21 5
v 22 5
v 23 5
v 24 5
v 25 5
v 26 5
v 27 5
v 28 5
v 29 5
e 0 29 1
e 1 12 1
e 1 14 1
e 2 6 1
e 2 8 1
e 2 18 1
e 3 10 1
e 3 24 1
e 3 25 1
e 4 5 1
e 4 7 1
e 4 8 2
e 5 6 2
e 5 9 1
e 6 11 1
e 7 10 1
e 7 15 1
e 7 16 1
e 8 17 1
e 9 12 2
e 9 19 1
e 10 20 1
e 10 21 1
e 11 13 2
e 11 22 1
e 12 13 1
e 13 23 1
e 14 26 1
e 14 27 1
e 14 28 1
t # 274
v 0 1
v 1 1
v 2 1
v 3 1
v 4 1
v 5 1
v 6 1
v 7 1
v 8 1
v 9 1
v 10 1
v 11 1
v 12 2
v 13 2
v 14 2
v 15 2
v 16 2
v 17 2
v 18 2
v 19 2
v 20 2
v 21 2
v 22 2
v 23 2
v 24 2
v 25 2
v 26 2
v 27 2
v 28 2
v 29 2
e 0 1 1
e 0 6 1
e 0 12 1
e 0 13 1
e 1 9 1
e 1 14 1
e 1 15 1
e 2 3 1
e 2 11 1
e 2 16 1
e 2 17 1
e 3 8 1
e 3 18 1
e 3 19 1
e 4 5 1
e 4 10 1
e 4 20 1
e 4 21 1
e 5 7 1
e 5 22 1
e 5 23 1
e 6 7 2
e 6 24 1
e 7 25 1
e 8 9 2
e 8 27 1
e 9 26 1
e 10 11 2
e 10 28 1
e 11 29 1
