t # 150
v 0 1
v 1 1
v 2 2
v 3 2
v 4 2
v 5 2
v 6 2
v 7 2
v 8 2
v 9 2
v 10 2
v 11 2
v 12 2
v 13 2
v 14 3
v 15 3
v 16 3
v 17 3
v 18 3
v 19 3
v 20 3
v 21 3
v 22 3
v 23 3
v 24 3
v 25 3
v 26 3
v 27 3
v 28 3
v 29 3
e 0 4 1
e 0 7 1
e 1 7 2
e 2 3 1
e 2 5 1
e 2 6 1
e 2 14 1
e 3 4 1
e 3 15 1
e 3 16 1
e 4 17 1
e 4 18 1
e 5 19 1
e 5 20 1
e 5 21 1
e 6 22 1
e 6 23 1
e 6 24 1
e 7 8 1
e 8 9 2
e 8 10 1
e 9 11 1
e 9 25 1
e 10 12 2
e 10 26 1
e 11 13 2
e 11 27 1
e 12 13 1
e 12 28 1
e 13 29 1
t # 226
v 0 1
v 1 1
v 2 1
v 3 1
v 4 1
v 5 2
v 6 2
v 7 2
v 8 2
v 9 2
v 10 2
v 11 2
v 12 2
v 13 2
v 14 2
v 15 2
v 16 2
v 17 2
v 18 2
v 19 2
v 20 3
v 21 3
v 22 3
v 23 3
v 24 3
v 25 3
v 26 3
v 27 3
v 28 3
v 29 3
e 0 11 1
e 0 27 1
e 1 12 1
e 1 28 1
e 2 9 2
e 3 10 2
e 4 15 1
e 4 29 1
e 5 6 1
e 5 9 1
e 5 11 2
e 6 10 1
e 6 12 2
e 7 8 2
e 7 10 1
e 7 15 1
e 8 9 1
e 8 16 1
e 11 13 1
e 12 14 1
e 13 14 2
e 13 17 1
e 14 20 1
e 15 18 2
e 16 19 2
e 16 21 1
e 17 22 1
e 17 23 1
e 17 24 1
e 18 19 1
e 18 25 1
e 19 26 1
