t # 305
v 0 1
v 1 1
v 2 1
v 3 2
v 4 2
v 5 2
v 6 3
v 7 3
v 8 3
v 9 3
v 10 3
v 11 3
v 12 3
v 13 3
v 14 3
v 15 4
v 16 4
v 17 4
v 18 4
v 19 4
v 20 4
v 21 4
v 22 4
v 23 4
v 24 4
v 25 4
v 26 4
v 27 4
v 28 4
v 29 4
e 0 6 1
e 0 9 1
e 1 7 1
e 1 10 1
e 2 8 1
e 2 11 1
e 3 9 2
e 3 10 1
e 4 9 1
e 4 11 2
e 5 10 2
e 5 11 1
e 6 12 1
e 6 15 1
e 6 16 1
e 7 13 1
e 7 17 1
e 7 18 1
e 8 14 1
e 8 19 1
e 8 20 1
e 12 21 1
e 12 22 1
e 12 23 1
e 13 24 1
e 13 25 1
e 13 26 1
e 14 27 1
e 14 28 1
e 14 29 1
t # 320
v 0 1
v 1 1
v 2 2
v 3 2
v 4 2
v 5 2
v 6 2
v 7 2
v 8 3
v 9 3
v 10 3
v 11 3
v 12 3
v 13 3
v 14 4
v 15 4
v 16 4
v 17 4
v 18 4
v 19 4
v 20 4
v 21 4
v 22 4
v 23 4
v 24 4
v 25 4
v 26 4
v 27 4
v 28 4
v 29 4
e 0 2 1
e 0 5 1
e 0 6 1
e 0 7 2
e 1 2 1
e 1 3 1
e 1 4 1
e 3 8 1
e 4 9 1
e 5 12 1
e 6 13 1
e 8 10 1
e 8 14 1
e 8 15 1
e 9 11 1
e 9 16 1
e 9 17 1
e 10 18 1
e 10 19 1
e 10 20 1
e 11 21 1
e 11 22 1
e 11 23 1
e 12 24 1
e 12 25 1
e 12 26 1
e 13 27 1
e 13 28 1
e 13 29 1
