t # 24
v 0 1
v 1 2
v 2 2
v 3 2
v 4 2
v 5 2
v 6 3
v 7 3
v 8 3
v 9 3
v 10 3
v 11 3
v 12 3
v 13 3
v 14 3
v 15 3
v 16 3
v 17 3
v 18 3
v 19 4
v 20 4
v 21 4
v 22 4
v 23 4
v 24 4
v 25 4
v 26 4
v 27 4
v 28 4
v 29 4
e 0 14 1
e 0 28 1
e 1 6 1
e 1 8 1
e 1 19 1
e 2 7 1
e 2 8 2
e 3 12 1
e 3 17 2
e 4 15 1
e 4 26 1
e 4 27 1
e 5 15 2
e 5 29 1
e 6 7 2
e 6 9 1
e 7 11 1
e 8 12 1
e 9 10 2
e 9 20 1
e 10 13 1
e 10 15 1
e 11 13 2
e 11 21 1
e 12 14 2
e 13 22 1
e 14 16 1
e 16 18 2
e 16 23 1
e 17 18 1
e 17 24 1
e 18 25 1
t # 67
v 0 1
v 1 2
v 2 2
v 3 3
v 4 3
v 5 3
v 6 4
v 7 4
v 8 4
v 9 4
v 10 4
v 11 4
v 12 4
v 13 4
v 14 4
v 15 4
v 16 4
v 17 5
v 18 5
v 19 5
v 20 5
v 21 5
v 22 5
v 23 5
v 24 5
v 25 5
v 26 5
v 27 5
v 28 5
v 29 5
e 0 1 2
e 0 2 2
e 0 3 1
e 0 6 1
e 3 9 1
e 3 17 1
e 4 15 2
e 4 16 1
e 5 12 1
e 5 28 1
e 5 29 1
e 6 7 1
e 6 10 2
e 7 8 2
e 7 13 1
e 8 11 1
e 8 15 1
e 9 12 1
e 9 18 1
e 9 19 1
e 10 14 1
e 10 20 1
e 11 14 2
e 11 21 1
e 12 22 1
e 12 23 1
e 13 16 2
e 13 24 1
e 14 25 1
e 15 26 1
e 16 27 1
