t # 124
v 0 1
v 1 1
v 2 1
v 3 1
v 4 1
v 5 2
v 6 2
v 7 2
v 8 3
v 9 3
v 10 3
v 11 3
v 12 3
v 13 3
v 14 3
v 15 3
v 16 3
v 17 4
v 18 4
v 19 4
v 20 4
v 21 4
v 22 4
v 23 4
v 24 4
v 25 4
v 26 4
v 27 4
v 28 4
v 29 4
e 0 10 1
e 0 11 1
e 8 1 1
e 1 23 1
e 9 2 1
e 2 24 1
e 3 12 1
e 3 26 1
e 4 14 2
e 10 5 1
e 5 13 1
e 5 14 1
e 6 14 1
e 6 16 2
e 7 16 1
e 7 28 1
e 7 29 1
e 8 9 1
e 8 10 1
e 8 17 1
e 9 11 1
e 9 18 1
e 10 19 1
e 11 12 1
e 11 20 1
e 12 21 1
e 12 22 1
e 13 15 2
e 13 25 1
e 15 16 1
e 15 27 1
t # 391
v 0 1
v 1 1
v 2 1
v 3 2
v 4 3
v 5 3
v 6 3
v 7 3
v 8 3
v 9 3
v 10 3
v 11 3
v 12 3
v 13 3
v 14 3
v 15 4
v 16 4
v 17 4
v 18 4
v 19 4
v 20 4
v 21 4
v 22 4
v 23 4
v 24 4
v 25 4
v 26 4
v 27 4
v 28 4
v 29 4
e 0 11 1
e 0 13 1
e 1 10 2
e 2 11 2
e 3 6 1
e 3 7 1
e 3 15 1
e 4 5 1
e 4 7 2
e 4 8 1
e 5 6 2
e 5 10 1
e 6 9 1
e 7 11 1
e 8 16 1
e 8 17 1
e 8 18 1
e 9 19 1
e 9 20 1
e 9 21 1
e 10 12 1
e 12 22 1
e 12 23 1
e 12 24 1
e 13 14 1
e 13 25 1
e 13 26 1
e 14 27 1
e 14 28 1
e 14 29 1
