t # 236
v 0 1
v 1 1
v 2 1
v 3 2
v 4 2
v 5 2
v 6 2
v 7 2
v 8 2
v 9 2
v 10 2
v 11 2
v 12 2
v 13 2
v 14 2
v 15 2
v 16 2
v 17 2
v 18 3
v 19 3
v 20 3
v 21 3
v 22 3
v 23 3
v 24 3
v 25 3
v 26 3
v 27 3
v 28 3
v 29 3
e 0 7 1
e 0 27 1
e 1 10 1
e 1 28 1
e 2 12 1
e 2 29 1
e 3 4 2
e 3 7 1
e 3 10 1
e 4 8 1
e 4 9 1
e 5 6 1
e 5 7 2
e 5 12 1
e 6 8 2
e 6 14 1
e 8 18 1
e 9 11 2
e 9 19 1
e 10 13 2
e 11 13 1
e 11 17 1
e 12 15 2
e 13 20 1
e 14 16 2
e 14 21 1
e 15 16 1
e 15 22 1
e 16 23 1
e 17 24 1
e 17 25 1
e 17 26 1
t # 350
v 0 1
v 1 1
v 2 1
v 3 1
v 4 1
v 5 1
v 6 1
v 7 1
v 8 1
v 9 1
v 10 1
v 11 1
v 12 2
v 13 2
v 14 2
v 15 2
v 16 2
v 17 2
v 18 2
v 19 2
v 20 2
v 21 2
v 22 2
v 23 2
v 24 2
v 25 2
v 26 2
v 27 2
v 28 2
v 29 2
e 0 1 1
e 0 2 1
e 0 4 1
e 0 12 1
e 1 3 2
e 1 5 1
e 2 6 1
e 2 13 1
e 2 14 1
e 3 7 1
e 3 10 1
e 4 15 1
e 4 16 1
e 4 17 1
e 5 9 2
e 5 18 1
e 6 19 1
e 6 20 1
e 6 21 1
e 7 8 2
e 7 22 1
e 8 9 1
e 8 11 1
e 9 23 1
e 10 24 1
e 10 25 1
e 10 26 1
e 11 27 1
e 11 28 1
e 11 29 1
