t # 143
v 0 1
v 1 1
v 2 2
v 3 3
v 4 3
v 5 3
v 6 3
v 7 3
v 8 3
v 9 3
v 10 3
v 11 3
v 12 3
v 13 3
v 14 3
v 15 3
v 16 3
v 17 3
v 18 3
v 19 4
v 20 4
v 21 4
v 22 4
v 23 4
v 24 4
v 25 4
v 26 4
v 27 4
v 28 4
v 29 4
e 0 5 1
e 0 12 1
e 1 12 2
e 2 4 1
e 2 13 2
e 3 4 2
e 3 6 1
e 3 8 1
e 4 5 1
e 5 7 2
e 6 9 2
e 6 19 1
e 7 9 1
e 7 20 1
e 8 11 2
e 8 21 1
e 9 22 1
e 10 12 1
e 10 14 2
e 10 15 1
e 11 13 1
e 11 23 1
e 13 24 1
e 14 16 1
e 14 25 1
e 15 17 2
e 15 26 1
e 16 18 2
e 16 27 1
e 17 18 1
e 17 28 1
e 18 29 1
t # 317
v 0 1
v 1 1
v 2 2
v 3 2
v 4 3
v 5 3
v 6 3
v 7 3
v 8 3
v 9 3
v 10 3
v 11 3
v 12 3
v 13 3
v 14 4
v 15 4
v 16 4
v 17 4
v 18 4
v 19 4
v 20 4
v 21 4
v 22 4
v 23 4
v 24 5
v 25 5
v 26 5
v 27 5
v 28 5
v 29 5
e 0 5 1
e 0 8 1
e 0 9 2
e 0 10 2
e 1 6 1
e 1 11 1
e 1 12 2
e 1 13 2
e 4 15 1
e 4 23 1
e 5 18 1
e 6 19 1
e 7 23 2
e 14 15 1
e 14 16 1
e 14 17 2
e 15 20 2
e 16 21 2
e 16 22 1
e 17 18 1
e 17 24 1
e 18 19 2
e 19 20 1
e 20 25 1
e 21 23 1
e 21 26 1
e 22 27 1
e 22 28 1
e 22 29 1
