t # 32
v 0 1
v 1 1
v 2 1
v 3 1
v 4 1
v 5 1
v 6 1
v 7 2
v 8 2
v 9 3
v 10 3
v 11 3
v 12 3
v 13 3
v 14 3
v 15 3
v 16 3
v 17 3
v 18 4
v 19 4
v 20 4
v 21 4
v 22 4
v 23 4
v 24 4
v 25 4
v 26 4
v 27 4
v 28 4
v 29 4
e 0 11 1
e 0 12 1
e 1 9 1
e 1 24 1
e 2 10 1
e 2 25 1
e 3 13 1
e 3 28 1
e 4 15 2
e 5 16 1
e 5 29 1
e 6 17 2
e 7 11 1
e 7 14 1
e 7 15 1
e 8 15 1
e 8 17 1
e 8 27 1
e 9 10 1
e 9 11 1
e 9 18 1
e 10 12 1
e 10 19 1
e 11 20 1
e 12 13 1
e 12 21 1
e 13 22 1
e 13 23 1
e 14 16 2
e 14 26 1
e 16 17 1
t # 61
v 0 1
v 1 1
v 2 2
v 3 3
v 4 3
v 5 3
v 6 3
v 7 3
v 8 3
v 9 4
v 10 5
v 11 5
v 12 5
v 13 5
v 14 6
v 15 6
v 16 6
v 17 6
v 18 6
v 19 6
v 20 6
v 21 6
v 22 6
v 23 6
v 24 6
v 25 6
v 26 7
v 27 7
v 28 7
v 29 7
e 0 18 1
e 1 19 1
e 2 9 2
e 2 16 1
e 2 24 1
e 3 23 1
e 4 23 1
e 5 23 1
e 6 24 1
e 7 24 1
e 8 24 1
e 10 11 1
e 10 14 1
e 10 15 1
e 11 17 2
e 12 15 1
e 12 28 1
e 12 29 1
e 13 25 3
e 14 18 2
e 14 19 1
e 15 16 2
e 16 17 1
e 17 25 1
e 18 21 1
e 19 22 2
e 20 21 2
e 20 22 1
e 20 23 1
e 21 26 1
e 22 27 1
