t # 297
v 0 1
v 1 2
v 2 2
v 3 3
v 4 3
v 5 3
v 6 3
v 7 3
v 8 3
v 9 3
v 10 3
v 11 3
v 12 3
v 13 3
v 14 3
v 15 4
v 16 4
v 17 4
v 18 4
v 19 4
v 20 4
v 21 4
v 22 4
v 23 4
v 24 4
v 25 4
v 26 4
v 27 4
v 28 4
v 29 4
e 0 13 1
e 1 3 1
e 1 24 1
e 1 25 1
e 2 9 1
e 2 10 1
e 2 26 1
e 3 4 1
e 3 7 1
e 3 8 1
e 4 5 1
e 4 15 1
e 4 16 1
e 5 6 1
e 5 10 2
e 6 9 2
e 6 11 1
e 7 17 1
e 7 18 1
e 7 19 1
e 8 20 1
e 8 21 1
e 8 22 1
e 9 12 1
e 10 23 1
e 11 13 2
e 11 27 1
e 12 14 2
e 12 28 1
e 13 14 1
e 14 29 1
t # 353
v 0 1
v 1 2
v 2 2
v 3 2
v 4 2
v 5 2
v 6 2
v 7 2
v 8 2
v 9 2
v 10 3
v 11 3
v 12 3
v 13 3
v 14 3
v 15 3
v 16 3
v 17 3
v 18 3
v 19 3
v 20 3
v 21 3
v 22 3
v 23 3
v 24 3
v 25 3
v 26 3
v 27 3
v 28 3
v 29 3
e 0 1 1
e 0 29 1
e 1 2 1
e 1 5 1
e 1 6 1
e 2 3 1
e 2 10 1
e 2 11 1
e 3 4 1
e 3 12 1
e 3 13 1
e 4 7 1
e 4 8 1
e 4 14 1
e 5 9 1
e 5 15 1
e 5 16 1
e 6 17 1
e 6 18 1
e 6 19 1
e 7 20 1
e 7 21 1
e 7 22 1
e 8 23 1
e 8 24 1
e 8 25 1
e 9 26 1
e 9 27 1
e 9 28 1
