t # 266
v 0 1
v 1 1
v 2 2
v 3 2
v 4 2
v 5 2
v 6 2
v 7 2
v 8 2
v 9 2
v 10 2
v 11 2
v 12 2
v 13 2
v 14 2
v 15 2
v 16 3
v 17 3
v 18 3
v 19 3
v 20 3
v 21 3
v 22 3
v 23 3
v 24 3
v 25 3
v 26 3
v 27 3
v 28 3
v 29 3
e 0 2 1
e 0 3 1
e 0 16 1
e 1 3 2
e 1 4 1
e 2 5 2
e 2 6 1
e 3 7 1
e 4 10 2
e 4 11 1
e 5 8 1
e 5 17 1
e 6 9 2
e 6 18 1
e 7 19 1
e 7 20 1
e 7 21 1
e 8 12 2
e 8 22 1
e 9 12 1
e 9 23 1
e 10 13 1
e 10 24 1
e 11 14 2
e 11 25 1
e 12 26 1
e 13 15 2
e 13 27 1
e 14 15 1
e 14 28 1
e 15 29 1
t # 319
v 0 1
v 1 1
v 2 2
v 3 2
v 4 2
v 5 2
v 6 2
v 7 2
v 8 3
v 9 3
v 10 3
v 11 3
v 12 3
v 13 3
v 14 4
v 15 4
v 16 4
v 17 4
v 18 4
v 19 4
v 20 4
v 21 4
v 22 4
v 23 4
v 24 4
v 25 4
v 26 4
v 27 4
v 28 4
v 29 4
e 0 2 1
e 0 3 1
e 0 4 1
e 0 5 2
e 1 4 1
e 1 6 1
e 1 7 1
e 2 8 1
e 3 9 1
e 6 12 1
e 7 13 1
e 8 10 1
e 8 14 1
e 8 15 1
e 9 11 1
e 9 16 1
e 9 17 1
e 10 18 1
e 10 19 1
e 10 20 1
e 11 21 1
e 11 22 1
e 11 23 1
e 12 24 1
e 12 25 1
e 12 26 1
e 13 27 1
e 13 28 1
e 13 29 1
