t # 228
v 0 1
v 1 1
v 2 1
v 3 1
v 4 1
v 5 1
v 6 1
v 7 2
v 8 2
v 9 2
v 10 2
v 11 2
v 12 2
v 13 2
v 14 2
v 15 2
v 16 2
v 17 2
v 18 2
v 19 2
v 20 2
v 21 2
v 22 3
v 23 3
v 24 3
v 25 3
v 26 3
v 27 3
v 28 3
v 29 3
e 0 11 2
e 1 12 2
e 2 14 1
e 2 26 1
e 3 15 1
e 3 27 1
e 4 19 1
e 4 28 1
e 5 21 1
e 5 29 1
e 6 21 2
e 7 8 1
e 7 11 1
e 7 13 2
e 8 12 1
e 8 14 2
e 9 10 2
e 9 12 1
e 9 15 1
e 10 11 1
e 10 16 1
e 13 17 1
e 13 21 1
e 14 18 1
e 15 20 2
e 16 19 2
e 16 22 1
e 17 18 2
e 17 23 1
e 18 24 1
e 19 20 1
e 20 25 1
t # 292
v 0 1
v 1 1
v 2 2
v 3 2
v 4 3
v 5 3
v 6 3
v 7 3
v 8 3
v 9 3
v 10 3
v 11 3
v 12 3
v 13 3
v 14 3
v 15 3
v 16 3
v 17 3
v 18 4
v 19 4
v 20 4
v 21 4
v 22 4
v 23 4
v 24 4
v 25 4
v 26 4
v 27 4
v 28 4
v 29 4
e 0 6 2
e 1 7 2
e 2 3 1
e 2 6 1
e 2 22 1
e 3 7 1
e 3 23 1
e 4 6 1
e 4 8 2
e 4 10 1
e 5 7 1
e 5 9 2
e 5 11 1
e 8 12 1
e 8 18 1
e 9 13 1
e 9 19 1
e 10 14 2
e 10 20 1
e 11 15 2
e 11 21 1
e 12 16 2
e 12 24 1
e 13 17 2
e 13 25 1
e 14 16 1
e 14 26 1
e 15 17 1
e 15 27 1
e 16 28 1
e 17 29 1
