t # 280
v 0 1
v 1 1
v 2 1
v 3 1
v 4 2
v 5 2
v 6 2
v 7 2
v 8 2
v 9 2
v 10 2
v 11 2
v 12 2
v 13 2
v 14 2
v 15 2
v 16 2
v 17 2
v 18 3
v 19 3
v 20 3
v 21 3
v 22 3
v 23 3
v 24 3
v 25 3
v 26 3
v 27 3
v 28 3
v 29 3
e 0 4 1
e 0 5 1
e 1 4 1
e 1 6 1
e 2 11 1
e 2 29 1
e 3 11 2
e 4 11 1
e 4 18 1
e 5 7 2
e 5 9 1
e 6 8 2
e 6 10 1
e 7 12 1
e 7 19 1
e 8 13 1
e 8 20 1
e 9 14 2
e 9 21 1
e 10 15 2
e 10 22 1
e 12 16 2
e 12 23 1
e 13 17 2
e 13 24 1
e 14 16 1
e 14 25 1
e 15 17 1
e 15 26 1
e 16 27 1
e 17 28 1
t # 363
v 0 1
v 1 2
v 2 3
v 3 3
v 4 3
v 5 3
v 6 3
v 7 3
v 8 3
v 9 3
v 10 3
v 11 3
v 12 3
v 13 3
v 14 3
v 15 3
v 16 3
v 17 4
v 18 4
v 19 4
v 20 4
v 21 4
v 22 4
v 23 4
v 24 4
v 25 4
v 26 4
v 27 4
v 28 4
v 29 4
e 0 1 1
e 0 29 1
e 1 8 2
e 2 3 1
e 2 4 1
e 2 17 1
e 2 18 1
e 3 5 1
e 3 19 1
e 3 20 1
e 4 6 1
e 4 9 2
e 5 7 1
e 5 10 2
e 6 8 1
e 6 11 2
e 7 8 1
e 7 12 2
e 9 13 1
e 9 21 1
e 10 14 1
e 10 22 1
e 11 15 1
e 11 23 1
e 12 16 1
e 12 24 1
e 13 15 2
e 13 25 1
e 14 16 2
e 14 26 1
e 15 27 1
e 16 28 1
