t # 287
v 0 1
v 1 1
v 2 1
v 3 2
v 4 2
v 5 3
v 6 3
v 7 3
v 8 3
v 9 3
v 10 3
v 11 3
v 12 3
v 13 3
v 14 3
v 15 3
v 16 4
v 17 4
v 18 4
v 19 4
v 20 4
v 21 4
v 22 4
v 23 4
v 24 4
v 25 4
v 26 4
v 27 4
v 28 4
v 29 4
e 0 8 2
e 1 9 2
e 2 10 2
e 3 8 1
e 3 10 1
e 3 13 1
e 4 9 1
e 4 10 1
e 4 20 1
e 5 6 1
e 5 7 1
e 5 8 1
e 5 9 1
e 6 11 1
e 6 16 1
e 6 17 1
e 7 12 1
e 7 18 1
e 7 19 1
e 11 14 2
e 11 21 1
e 12 15 2
e 12 22 1
e 13 23 1
e 13 24 1
e 13 25 1
e 14 26 1
e 14 27 1
e 15 28 1
e 15 29 1
t # 362
v 0 1
v 1 1
v 2 1
v 3 2
v 4 2
v 5 2
v 6 2
v 7 2
v 8 2
v 9 2
v 10 2
v 11 2
v 12 2
v 13 2
v 14 2
v 15 2
v 16 2
v 17 2
v 18 3
v 19 3
v 20 3
v 21 3
v 22 3
v 23 3
v 24 3
v 25 3
v 26 3
v 27 3
v 28 3
v 29 3
e 0 4 1
e 0 28 1
e 1 12 1
e 1 29 1
e 2 9 2
e 3 4 2
e 3 6 1
e 3 7 1
e 4 8 1
e 5 9 1
e 5 13 2
e 5 14 1
e 6 10 2
e 6 18 1
e 7 11 2
e 7 19 1
e 8 12 2
e 8 20 1
e 9 10 1
e 10 21 1
e 11 12 1
e 11 22 1
e 13 15 1
e 13 23 1
e 14 16 2
e 14 24 1
e 15 17 2
e 15 25 1
e 16 17 1
e 16 26 1
e 17 27 1
