t # 148
v 0 1
v 1 1
v 2 1
v 3 1
v 4 1
v 5 1
v 6 1
v 7 1
v 8 1
v 9 1
v 10 1
v 11 1
v 12 1
v 13 1
v 14 1
v 15 1
v 16 1
v 17 1
v 18 2
v 19 2
v 20 2
v 21 2
v 22 2
v 23 2
v 24 2
v 25 2
v 26 2
v 27 2
v 28 2
v 29 2
e 0 1 1
e 0 6 2
e 0 8 1
e 1 7 2
e 1 9 1
e 2 3 1
e 2 8 2
e 2 10 1
e 3 9 2
e 3 11 1
e 4 5 1
e 4 6 1
e 4 12 2
e 5 7 1
e 5 13 2
e 6 18 1
e 7 19 1
e 8 20 1
e 9 21 1
e 10 14 2
e 10 22 1
e 11 15 2
e 11 23 1
e 12 16 1
e 12 24 1
e 13 17 1
e 13 25 1
e 14 15 1
e 14 26 1
e 15 27 1
e 16 17 2
e 16 28 1
e 17 29 1
t # 207
v 0 1
v 1 1
v 2 1
v 3 1
v 4 1
v 5 1
v 6 1
v 7 1
v 8 1
v 9 1
v 10 2
v 11 2
v 12 2
v 13 2
v 14 2
v 15 2
v 16 2
v 17 2
v 18 2
v 19 2
v 20 2
v 21 2
v 22 2
v 23 2
v 24 2
v 25 2
v 26 2
v 27 2
v 28 2
v 29 2
e 0 1 1
e 0 2 1
e 0 10 1
e 0 11 1
e 1 3 1
e 1 12 1
e 1 13 1
e 2 4 1
e 2 14 1
e 2 15 1
e 3 5 1
e 3 16 1
e 3 17 1
e 4 6 1
e 4 18 1
e 4 19 1
e 5 7 1
e 5 20 1
e 5 21 1
e 6 8 1
e 6 22 1
e 6 23 1
e 7 9 1
e 7 24 1
e 7 25 1
e 8 9 1
e 8 26 1
e 8 27 1
e 9 28 1
e 9 29 1
