t # 139
v 0 1
v 1 1
v 2 2
v 3 2
v 4 2
v 5 2
v 6 2
v 7 2
v 8 2
v 9 2
v 10 2
v 11 2
v 12 2
v 13 2
v 14 2
v 15 2
v 16 2
v 17 2
v 18 3
v 19 3
v 20 3
v 21 3
v 22 3
v 23 3
v 24 3
v 25 3
v 26 3
v 27 3
v 28 3
v 29 3
e 0 7 2
e 1 9 2
e 2 3 2
e 2 7 1
e 2 8 1
e 3 9 1
e 3 10 1
e 4 5 1
e 4 7 1
e 4 13 2
e 5 9 1
e 5 14 2
e 6 8 2
e 6 11 1
e 6 12 1
e 8 18 1
e 10 12 2
e 10 19 1
e 11 15 1
e 11 20 1
e 11 21 1
e 12 22 1
e 13 16 1
e 13 23 1
e 14 17 1
e 14 24 1
e 15 25 1
e 15 26 1
e 15 27 1
e 16 17 2
e 16 28 1
e 17 29 1
t # 296
v 0 1
v 1 2
v 2 3
v 3 3
v 4 4
v 5 4
v 6 4
v 7 4
v 8 4
v 9 4
v 10 4
v 11 4
v 12 4
v 13 4
v 14 5
v 15 5
v 16 5
v 17 5
v 18 5
v 19 5
v 20 5
v 21 5
v 22 5
v 23 5
v 24 5
v 25 5
v 26 5
v 27 5
v 28 5
v 29 5
e 0 10 1
e 0 27 1
e 1 7 2
e 2 7 1
e 2 10 1
e 2 11 1
e 3 5 1
e 3 10 2
e 4 5 1
e 4 6 1
e 4 14 1
e 4 15 1
e 5 7 1
e 5 16 1
e 6 8 1
e 6 9 1
e 6 17 1
e 8 18 1
e 8 19 1
e 8 20 1
e 9 21 1
e 9 22 1
e 9 23 1
e 11 12 1
e 11 24 1
e 11 25 1
e 12 13 2
e 12 26 1
e 13 28 1
e 13 29 1
