t # 217
v 0 1
v 1 2
v 2 2
v 3 3
v 4 3
v 5 3
v 6 3
v 7 3
v 8 3
v 9 3
v 10 3
v 11 3
v 12 3
v 13 3
v 14 3
v 15 3
v 16 3
v 17 3
v 18 4
v 19 4
v 20 4
v 21 4
v 22 4
v 23 4
v 24 4
v 25 4
v 26 4
v 27 4
v 28 4
v 29 4
e 0 7 2
e 1 3 1
e 1 4 1
e 1 7 1
e 2 6 2
e 2 7 1
e 3 5 1
e 3 18 1
e 3 19 1
e 4 6 1
e 4 8 2
e 5 9 2
e 5 10 1
e 6 11 1
e 8 12 1
e 8 20 1
e 9 14 1
e 9 21 1
e 10 15 2
e 10 22 1
e 11 13 2
e 11 23 1
e 12 16 2
e 12 24 1
e 13 16 1
e 13 25 1
e 14 17 2
e 14 26 1
e 15 17 1
e 15 27 1
e 16 28 1
e 17 29 1
t # 361
v 0 1
v 1 2
v 2 3
v 3 3
v 4 3
v 5 3
v 6 3
v 7 3
v 8 3
v 9 3
v 10 3
v 11 3
v 12 3
v 13 3
v 14 3
v 15 3
v 16 4
v 17 4
v 18 4
v 19 4
v 20 4
v 21 4
v 22 4
v 23 4
v 24 4
v 25 4
v 26 4
v 27 4
v 28 4
v 29 4
e 0 1 2
e 0 2 1
e 0 3 1
e 2 6 2
e 2 8 1
e 3 7 2
e 3 9 1
e 4 10 2
e 4 12 1
e 4 14 1
e 5 11 2
e 5 13 1
e 5 15 1
e 6 10 1
e 6 16 1
e 7 11 1
e 7 17 1
e 8 12 2
e 8 18 1
e 9 13 2
e 9 19 1
e 10 20 1
e 11 21 1
e 12 22 1
e 13 23 1
e 14 24 1
e 14 25 1
e 14 26 1
e 15 27 1
e 15 28 1
e 15 29 1
