t # 216
v 0 1
v 1 1
v 2 1
v 3 1
v 4 1
v 5 1
v 6 1
v 7 1
v 8 2
v 9 1
v 10 1
v 11 1
v 12 1
v 13 3
v 14 1
v 15 3
v 16 2
v 17 3
v 18 1
v 19 2
v 20 3
v 21 2
v 22 1
v 23 1
v 24 1
v 25 1
v 26 2
v 27 1
v 28 1
v 29 3
e 0 1 1
e 1 2 1
e 2 3 2
e 3 4 1
e 0 5 2
e 0 6 1
e 6 7 1
e 5 8 1
e 7 9 1
e 9 10 1
e 8 11 1
e 6 12 1
e 12 13 1
e 13 14 1
e 14 15 2
e 14 16 1
e 7 17 1
e 17 18 1
e 9 19 1
e 1 20 2
e 2 21 1
e 21 22 1
e 22 23 1
e 21 25 1
e 23 26 1
e 26 27 1
e 3 28 1
e 4 29 2
e 4 5 1
e 7 8 1
e 10 11 1
e 10 19 1
e 24 25 1
e 24 26 1
t # 1025
v 0 1
v 1 1
v 2 1
v 3 1
v 4 1
v 5 1
v 6 2
v 7 1
v 8 1
v 9 1
v 10 1
v 11 1
v 12 1
v 13 1
v 14 1
v 15 1
v 16 1
v 17 1
v 18 1
v 19 1
v 20 1
v 21 1
v 22 2
v 23 1
v 24 2
v 25 1
v 26 2
v 27 1
v 28 2
v 29 1
e 0 1 1
e 1 2 1
e 2 3 1
e 3 4 1
e 0 5 1
e 5 6 2
e 3 7 1
e 4 8 2
e 0 9 2
e 9 10 1
e 10 11 1
e 11 12 2
e 12 13 1
e 13 14 2
e 10 15 2
e 16 17 2
e 17 18 1
e 8 19 1
e 19 20 1
e 16 21 1
e 13 22 1
e 22 23 1
e 14 24 1
e 24 25 1
e 16 26 1
e 26 27 1
e 21 28 1
e 28 29 1
e 4 5 1
e 14 15 1
e 18 19 2
e 20 21 2
