t # 204
v 0 1
v 1 2
v 2 2
v 3 2
v 4 2
v 5 2
v 6 2
v 7 2
v 8 2
v 9 3
v 10 2
v 11 2
v 12 2
v 13 2
v 14 2
v 15 1
v 16 3
v 17 2
v 18 2
v 19 2
v 20 2
v 21 3
v 22 2
v 23 2
v 24 2
v 25 2
v 26 2
v 27 2
v 28 2
v 29 2
e 0 1 1
e 1 2 1
e 1 3 1
e 1 4 1
e 2 5 1
e 3 6 1
e 4 7 2
e 4 8 1
e 5 9 1
e 7 10 1
e 8 11 2
e 9 12 1
e 10 13 2
e 12 14 1
e 14 15 2
e 14 16 1
e 16 17 1
e 16 18 1
e 17 19 1
e 18 20 1
e 19 21 1
e 21 22 1
e 22 23 2
e 23 24 1
e 24 25 2
e 24 26 1
e 25 27 1
e 26 28 2
e 27 29 2
e 6 9 1
e 11 13 1
e 20 21 1
e 28 29 1
t # 1115
v 0 1
v 1 2
v 2 2
v 3 2
v 4 2
v 5 3
v 6 3
v 7 3
v 8 1
v 9 4
v 10 2
v 11 2
v 12 2
v 13 2
v 14 2
v 15 2
v 16 2
v 17 2
v 18 2
v 19 2
v 20 2
v 21 2
v 22 2
v 23 2
v 24 2
v 25 2
v 26 3
v 27 2
v 28 2
v 29 2
e 0 1 1
e 0 4 1
e 0 16 1
e 1 2 2
e 1 19 1
e 2 3 1
e 2 17 1
e 3 5 2
e 3 8 1
e 4 7 2
e 4 8 1
e 6 9 1
e 6 29 1
e 9 10 1
e 9 11 1
e 9 12 1
e 12 13 1
e 12 14 1
e 12 15 1
e 16 26 1
e 17 18 1
e 19 20 1
e 20 21 1
e 20 25 2
e 21 22 2
e 22 23 1
e 23 24 2
e 24 25 1
e 26 27 1
e 27 28 1
e 28 29 1
