t # 28
v 0 1
v 1 2
v 2 2
v 3 3
v 4 2
v 5 2
v 6 2
v 7 2
v 8 2
v 9 2
v 10 2
v 11 1
v 12 2
v 13 1
v 14 2
v 15 2
v 16 2
v 17 2
v 18 3
v 19 2
v 20 2
v 21 1
v 22 2
v 23 1
v 24 2
v 25 2
v 26 2
v 27 2
v 28 2
v 29 1
e 0 1 2
e 1 2 1
e 1 3 1
e 2 4 1
e 2 5 1
e 3 6 1
e 3 7 1
e 4 8 1
e 5 9 1
e 6 10 1
e 7 11 2
e 8 12 1
e 9 13 1
e 10 14 1
e 14 15 1
e 15 16 1
e 16 17 1
e 17 18 1
e 18 19 1
e 18 20 1
e 19 21 2
e 19 22 1
e 20 23 2
e 20 24 1
e 22 25 1
e 24 26 1
e 25 27 1
e 26 28 1
e 27 29 1
e 4 7 1
e 9 12 1
e 12 13 1
e 22 24 1
e 27 28 1
e 28 29 1
t # 52
v 0 1
v 1 2
v 2 2
v 3 2
v 4 1
v 5 2
v 6 2
v 7 2
v 8 2
v 9 2
v 10 1
v 11 2
v 12 2
v 13 2
v 14 2
v 15 2
v 16 2
v 17 2
v 18 2
v 19 2
v 20 2
v 21 2
v 22 2
v 23 2
v 24 2
v 25 2
v 26 2
v 27 2
v 28 2
v 29 1
e 0 1 1
e 0 2 1
e 1 3 1
e 1 4 2
e 2 5 1
e 2 6 1
e 2 7 1
e 3 8 1
e 5 9 1
e 5 10 2
e 6 11 1
e 6 12 1
e 6 13 1
e 7 14 1
e 8 15 1
e 12 16 1
e 13 17 1
e 15 18 1
e 16 19 1
e 16 20 1
e 18 21 1
e 19 22 1
e 20 23 1
e 22 24 1
e 22 25 1
e 24 26 2
e 25 27 1
e 26 28 1
e 28 29 2
e 12 14 1
e 17 19 1
e 23 24 1
e 27 28 1
