t # 349
v 0 1
v 1 2
v 2 3
v 3 4
v 4 4
v 5 4
v 6 4
v 7 3
v 8 2
v 9 3
v 10 3
v 11 3
v 12 3
v 13 3
v 14 3
v 15 3
v 16 3
v 17 4
v 18 3
v 19 3
v 20 5
v 21 5
v 22 2
v 23 3
v 24 3
v 25 3
v 26 3
v 27 4
v 28 3
v 29 4
e 1 2 1
e 2 3 2
e 0 4 1
e 0 5 1
e 5 6 1
e 6 7 2
e 4 9 2
e 5 10 2
e 9 11 1
e 11 12 1
e 12 13 2
e 13 14 1
e 14 15 2
e 11 16 2
e 2 17 1
e 17 18 1
e 18 19 1
e 19 20 2
e 19 21 1
e 7 22 1
e 22 23 1
e 18 24 1
e 24 25 1
e 25 26 2
e 26 27 1
e 27 28 2
e 25 29 1
e 3 4 1
e 7 8 1
e 9 10 1
e 15 16 1
e 28 29 1
t # 568
v 0 1
v 1 1
v 2 1
v 3 1
v 4 1
v 5 1
v 6 2
v 7 1
v 8 1
v 9 3
v 10 1
v 11 1
v 12 1
v 13 1
v 14 4
v 15 1
v 16 1
v 17 1
v 18 4
v 19 1
v 20 4
v 21 3
v 22 1
v 23 1
v 24 1
v 25 1
v 26 1
v 27 1
v 28 1
v 29 1
e 0 1 1
e 1 2 1
e 2 3 1
e 3 4 1
e 0 5 2
e 0 6 1
e 6 7 1
e 7 8 1
e 5 9 1
e 7 10 1
e 10 11 2
e 11 12 1
e 8 13 1
e 1 14 2
e 3 15 1
e 3 16 1
e 2 17 1
e 17 18 2
e 17 19 1
e 19 20 2
e 19 21 1
e 22 23 2
e 21 24 1
e 24 25 2
e 25 26 1
e 22 27 1
e 23 28 1
e 27 29 1
e 4 5 1
e 8 9 1
e 12 13 2
e 23 24 1
e 26 27 2
