t # 417
v 0 1
v 1 2
v 2 1
v 3 1
v 4 2
v 5 3
v 6 1
v 7 1
v 8 1
v 9 1
v 10 1
v 11 1
v 12 1
v 13 3
v 14 3
v 15 1
v 16 1
v 17 1
v 18 1
v 19 1
v 20 1
v 21 1
v 22 4
v 23 2
v 24 2
v 25 3
v 26 5
v 27 4
v 28 1
v 29 3
e 0 1 2
e 0 2 1
e 2 3 1
e 3 4 2
e 3 5 1
e 5 6 1
e 6 7 1
e 7 8 2
e 8 9 1
e 9 10 2
e 6 11 2
e 7 12 1
e 2 13 1
e 13 14 2
e 0 15 1
e 14 16 1
e 16 17 1
e 17 18 1
e 18 19 1
e 19 20 1
e 16 21 1
e 19 22 1
e 22 23 2
e 22 24 2
e 22 25 1
e 25 26 1
e 26 27 1
e 27 28 1
e 26 29 1
e 10 11 1
e 20 21 1
e 28 29 2
t # 616
v 0 1
v 1 1
v 2 1
v 3 2
v 4 1
v 5 1
v 6 1
v 7 1
v 8 3
v 9 1
v 10 1
v 11 3
v 12 1
v 13 3
v 14 1
v 15 1
v 16 1
v 17 1
v 18 4
v 19 1
v 20 1
v 21 4
v 22 5
v 23 1
v 24 1
v 25 5
v 26 2
v 27 2
v 28 2
v 29 6
e 0 1 2
e 0 2 1
e 2 3 2
e 2 4 1
e 4 5 1
e 1 6 1
e 6 7 1
e 6 8 1
e 8 9 1
e 1 10 1
e 9 11 1
e 10 12 1
e 12 13 3
e 8 14 1
e 14 15 1
e 14 16 2
e 16 17 1
e 17 18 1
e 17 19 2
e 15 20 2
e 19 21 1
e 5 22 1
e 22 23 1
e 23 24 1
e 24 25 1
e 25 26 2
e 25 27 2
e 25 28 1
e 5 6 1
e 9 10 2
e 19 20 1
