t # 530
v 0 1
v 1 1
v 2 1
v 3 1
v 4 1
v 5 1
v 6 1
v 7 1
v 8 1
v 9 2
v 10 2
v 11 2
v 12 2
v 13 1
v 14 2
v 15 1
v 16 1
v 17 1
v 18 1
v 19 1
v 20 2
v 21 1
v 22 1
v 23 1
v 24 1
v 25 3
v 26 4
v 27 4
v 28 4
v 29 4
e 0 1 1
e 1 2 1
e 2 3 2
e 3 4 1
e 0 5 1
e 2 6 1
e 6 7 2
e 7 8 1
e 3 9 1
e 0 10 2
e 10 11 1
e 1 12 2
e 11 13 1
e 6 14 1
e 14 15 1
e 15 16 1
e 15 17 1
e 17 18 1
e 18 19 1
e 19 20 1
e 20 21 1
e 21 22 1
e 20 23 1
e 23 24 1
e 25 26 2
e 25 27 1
e 25 28 1
e 25 29 1
e 4 5 2
e 8 9 2
e 11 12 1
t # 1112
v 0 1
v 1 1
v 2 1
v 3 1
v 4 1
v 5 2
v 6 1
v 7 1
v 8 1
v 9 1
v 10 1
v 11 1
v 12 3
v 13 1
v 14 1
v 15 1
v 16 1
v 17 1
v 18 1
v 19 1
v 20 1
v 21 1
v 22 2
v 23 4
v 24 4
v 25 4
v 26 1
v 27 4
v 28 1
v 29 4
e 0 1 1
e 0 15 2
e 1 2 2
e 2 3 1
e 2 5 1
e 3 4 2
e 3 8 1
e 4 15 1
e 5 6 2
e 6 7 1
e 6 9 1
e 7 11 1
e 7 8 2
e 8 12 1
e 9 10 2
e 10 14 1
e 11 14 2
e 12 13 1
e 12 29 2
e 13 16 1
e 14 25 1
e 15 27 1
e 16 17 1
e 16 21 2
e 17 18 2
e 18 19 1
e 19 20 2
e 19 22 1
e 20 21 1
e 22 23 2
e 22 24 1
e 25 26 1
e 27 28 1
