t # 143
v 0 1
v 1 2
v 2 2
v 3 2
v 4 2
v 5 2
v 6 2
v 7 2
v 8 2
v 9 2
v 10 2
v 11 2
v 12 3
v 13 3
v 14 2
v 15 3
v 16 2
v 17 3
v 18 2
v 19 2
v 20 2
v 21 1
v 22 2
v 23 2
v 24 2
v 25 2
v 26 2
v 27 2
v 28 2
v 29 2
e 0 1 2
e 0 2 1
e 1 3 1
e 1 4 1
e 2 5 1
e 2 6 1
e 3 7 1
e 3 8 1
e 4 9 1
e 5 10 1
e 6 11 1
e 7 12 1
e 7 13 2
e 10 14 1
e 12 15 1
e 15 16 1
e 16 17 2
e 16 18 1
e 18 19 1
e 18 20 1
e 19 21 2
e 19 22 1
e 20 23 1
e 21 24 1
e 24 25 1
e 24 26 1
e 25 27 1
e 26 28 1
e 27 29 1
e 8 9 1
e 11 14 1
e 22 23 1
e 28 29 1
t # 155
v 0 1
v 1 1
v 2 1
v 3 2
v 4 1
v 5 2
v 6 1
v 7 1
v 8 1
v 9 1
v 10 1
v 11 1
v 12 2
v 13 3
v 14 1
v 15 1
v 16 1
v 17 1
v 18 1
v 19 1
v 20 1
v 21 4
v 22 3
v 23 2
v 24 1
v 25 1
v 26 1
v 27 1
v 28 1
v 29 2
e 0 1 1
e 0 2 1
e 1 3 2
e 1 4 1
e 2 5 1
e 2 6 1
e 2 7 1
e 4 8 2
e 4 9 1
e 6 10 2
e 6 11 1
e 7 12 2
e 7 13 1
e 8 14 1
e 9 15 2
e 10 16 1
e 11 17 2
e 13 18 1
e 14 19 2
e 16 20 2
e 17 21 1
e 18 22 1
e 19 23 1
e 22 24 1
e 22 25 1
e 23 26 1
e 24 27 1
e 25 28 1
e 27 29 1
e 10 13 1
e 15 19 1
e 17 20 1
e 28 29 1
