t # 12
v 0 1
v 1 2
v 2 2
v 3 2
v 4 2
v 5 2
v 6 2
v 7 3
v 8 2
v 9 2
v 10 2
v 11 2
v 12 2
v 13 3
v 14 2
v 15 2
v 16 2
v 17 2
v 18 2
v 19 2
v 20 2
v 21 2
v 22 2
v 23 2
v 24 3
v 25 2
v 26 2
v 27 2
v 28 2
v 29 2
e 0 1 2
e 1 2 1
e 1 3 1
e 2 4 2
e 3 5 2
e 3 6 1
e 4 7 1
e 4 8 1
e 5 9 1
e 6 10 2
e 7 11 1
e 7 12 1
e 8 13 2
e 9 14 2
e 11 15 2
e 11 16 1
e 12 17 2
e 12 18 1
e 15 19 1
e 16 20 2
e 17 21 1
e 18 22 2
e 19 23 2
e 20 24 1
e 21 25 2
e 24 26 1
e 24 27 1
e 26 28 1
e 27 29 1
e 5 8 1
e 10 14 1
e 13 15 1
e 20 23 1
e 22 25 1
t # 89
v 0 1
v 1 2
v 2 1
v 3 1
v 4 1
v 5 1
v 6 1
v 7 1
v 8 1
v 9 1
v 10 2
v 11 1
v 12 1
v 13 2
v 14 1
v 15 2
v 16 1
v 17 2
v 18 1
v 19 1
v 20 1
v 21 2
v 22 1
v 23 1
v 24 1
v 25 1
v 26 1
v 27 2
v 28 2
v 29 1
e 0 1 2
e 0 2 1
e 0 3 1
e 2 4 1
e 2 5 2
e 3 6 2
e 3 7 1
e 4 8 1
e 4 9 2
e 5 10 1
e 6 11 1
e 7 12 2
e 8 13 2
e 8 14 1
e 11 15 1
e 11 16 2
e 12 17 1
e 14 18 2
e 14 19 1
e 15 20 1
e 16 21 1
e 17 22 1
e 18 23 1
e 19 24 2
e 21 25 1
e 23 26 2
e 23 27 1
e 26 28 1
e 27 29 1
e 9 10 1
e 12 16 1
e 24 26 1
e 28 29 1
