t # 242
v 0 1
v 1 1
v 2 1
v 3 1
v 4 1
v 5 1
v 6 2
v 7 1
v 8 2
v 9 1
v 10 1
v 11 1
v 12 3
v 13 1
v 14 2
v 15 1
v 16 1
v 17 1
v 18 1
v 19 1
v 20 1
v 21 1
v 22 3
v 23 1
v 24 1
v 25 3
v 26 1
v 27 1
v 28 1
v 29 1
e 0 1 1
e 1 2 2
e 2 3 1
e 3 4 2
e 0 5 2
e 0 6 1
e 6 7 1
e 1 8 1
e 8 9 1
e 3 10 1
e 10 11 2
e 11 12 1
e 12 13 1
e 13 14 2
e 13 15 1
e 15 16 1
e 16 17 2
e 17 18 1
e 18 19 2
e 15 20 2
e 11 21 1
e 21 22 2
e 22 23 1
e 23 24 2
e 21 25 1
e 24 26 1
e 26 27 2
e 27 28 1
e 23 29 1
e 4 5 1
e 19 20 1
e 24 25 1
e 28 29 2
t # 1056
v 0 1
v 1 1
v 2 1
v 3 1
v 4 2
v 5 1
v 6 1
v 7 3
v 8 4
v 9 4
v 10 3
v 11 1
v 12 3
v 13 1
v 14 1
v 15 1
v 16 1
v 17 1
v 18 1
v 19 1
v 20 1
v 21 1
v 22 1
v 23 1
v 24 1
v 25 1
v 26 1
v 27 1
v 28 5
v 29 1
e 0 1 2
e 2 3 1
e 0 4 1
e 0 5 1
e 5 6 2
e 1 7 1
e 4 8 2
e 4 9 2
e 1 10 1
e 3 11 1
e 11 12 3
e 5 13 1
e 2 14 1
e 14 15 1
e 15 16 2
e 16 17 1
e 17 18 2
e 14 19 2
e 20 21 2
e 7 22 1
e 20 23 1
e 23 24 2
e 24 25 1
e 21 26 1
e 6 27 1
e 24 28 1
e 21 29 1
e 3 4 1
e 6 7 1
e 2 10 1
e 18 19 1
e 25 26 2
e 22 29 1
