t # 530
v 0 1
v 1 1
v 2 1
v 3 1
v 4 1
v 5 1
v 6 1
v 7 1
v 8 1
v 9 2
v 10 2
v 11 2
v 12 2
v 13 1
v 14 2
v 15 1
v 16 1
v 17 1
v 18 1
v 19 1
v 20 2
v 21 1
v 22 1
v 23 1
v 24 1
v 25 3
v 26 4
v 27 4
v 28 4
v 29 4
e 0 1 1
e 1 2 1
e 2 3 2
e 3 4 1
e 0 5 1
e 2 6 1
e 6 7 2
e 7 8 1
e 3 9 1
e 0 10 2
e 10 11 1
e 1 12 2
e 11 13 1
e 6 14 1
e 14 15 1
e 15 16 1
e 15 17 1
e 17 18 1
e 18 19 1
e 19 20 1
e 20 21 1
e 21 22 1
e 20 23 1
e 23 24 1
e 25 26 2
e 25 27 1
e 25 28 1
e 25 29 1
e 4 5 2
e 8 9 2
e 11 12 1
t # 836
v 0 1
v 1 1
v 2 1
v 3 1
v 4 1
v 5 1
v 6 1
v 7 1
v 8 1
v 9 1
v 10 1
v 11 1
v 12 1
v 13 1
v 14 1
v 15 2
v 16 1
v 17 3
v 18 3
v 19 3
v 20 3
v 21 1
v 22 1
v 23 1
v 24 1
v 25 1
v 26 1
v 27 1
v 28 3
v 29 1
e 0 1 1
e 1 2 2
e 2 3 1
e 3 4 2
e 0 5 2
e 6 7 2
e 7 8 1
e 6 9 1
e 10 11 2
e 8 12 2
e 9 13 2
e 10 14 1
e 0 15 1
e 3 16 1
e 15 17 2
e 15 18 2
e 14 19 1
e 6 20 1
e 20 21 1
e 22 23 2
e 14 24 1
e 24 25 2
e 25 26 1
e 22 27 1
e 27 28 1
e 28 29 1
e 4 5 1
e 11 12 1
e 12 13 1
e 13 14 1
e 10 15 1
e 23 24 1
e 26 27 2
