t # 684
v 0 1
v 1 2
v 2 1
v 3 3
v 4 1
v 5 4
v 6 3
v 7 1
v 8 1
v 9 1
v 10 1
v 11 1
v 12 1
v 13 1
v 14 4
v 15 1
v 16 4
v 17 1
v 18 4
v 19 1
v 20 1
v 21 2
v 22 2
v 23 4
v 24 4
v 25 4
v 26 1
v 27 1
v 28 1
v 29 1
e 0 1 1
e 1 2 1
e 2 3 1
e 0 4 1
e 0 5 2
e 2 6 2
e 4 7 2
e 7 8 1
e 8 9 1
e 9 10 2
e 10 11 1
e 11 12 2
e 8 13 2
e 10 14 1
e 14 15 1
e 11 16 1
e 16 17 1
e 12 18 1
e 18 19 1
e 1 20 1
e 20 26 2
e 22 27 1
e 21 28 1
e 21 29 1
e 3 4 1
e 12 13 1
e 23 27 2
e 26 27 1
e 22 28 1
e 25 28 2
e 24 29 2
e 26 29 1
t # 856
v 0 1
v 1 1
v 2 1
v 3 1
v 4 1
v 5 1
v 6 2
v 7 1
v 8 1
v 9 1
v 10 2
v 11 1
v 12 1
v 13 1
v 14 3
v 15 1
v 16 1
v 17 2
v 18 1
v 19 3
v 20 3
v 21 1
v 22 1
v 23 3
v 24 3
v 25 1
v 26 1
v 27 3
v 28 3
v 29 1
e 0 1 1
e 1 2 1
e 2 3 1
e 3 4 1
e 0 5 1
e 4 6 1
e 6 7 1
e 6 9 1
e 3 10 1
e 10 11 1
e 10 12 1
e 7 13 1
e 13 14 2
e 8 16 2
e 13 17 1
e 9 18 1
e 18 19 2
e 18 20 1
e 20 21 1
e 11 22 1
e 22 23 2
e 22 24 1
e 24 25 1
e 12 26 1
e 26 27 2
e 26 28 1
e 28 29 1
e 4 5 1
e 15 16 1
e 15 17 1
