t # 437
v 0 1
v 1 1
v 2 1
v 3 1
v 4 1
v 5 1
v 6 1
v 7 1
v 8 1
v 9 1
v 10 1
v 11 2
v 12 3
v 13 3
v 14 1
v 15 2
v 16 1
v 17 1
v 18 1
v 19 1
v 20 1
v 21 1
v 22 1
v 23 1
v 24 1
v 25 1
v 26 2
v 27 1
v 28 2
v 29 1
e 0 1 1
e 0 2 2
e 2 3 1
e 3 4 2
e 1 5 2
e 2 6 1
e 3 7 1
e 7 8 2
e 6 9 2
e 9 10 1
e 10 11 2
e 10 12 1
e 12 13 1
e 8 14 1
e 14 15 2
e 13 16 1
e 16 17 1
e 17 18 1
e 12 19 1
e 19 20 1
e 16 21 1
e 21 22 1
e 18 23 1
e 23 24 2
e 23 25 1
e 20 26 1
e 26 27 1
e 27 28 2
e 27 29 1
e 4 5 1
e 8 9 1
e 13 14 1
e 18 19 1
e 20 21 2
t # 966
v 0 1
v 1 2
v 2 1
v 3 1
v 4 1
v 5 1
v 6 1
v 7 2
v 8 3
v 9 2
v 10 1
v 11 1
v 12 1
v 13 1
v 14 1
v 15 1
v 16 1
v 17 1
v 18 2
v 19 1
v 20 1
v 21 1
v 22 1
v 23 1
v 24 1
v 25 1
v 26 3
v 27 1
v 28 2
v 29 1
e 0 1 1
e 1 2 1
e 2 3 1
e 3 4 1
e 0 5 1
e 2 6 1
e 3 7 1
e 4 8 1
e 6 9 1
e 7 10 1
e 10 11 1
e 11 12 1
e 12 13 2
e 13 14 1
e 14 15 2
e 11 16 2
e 8 17 2
e 5 18 1
e 17 19 1
e 19 20 1
e 20 21 2
e 21 22 1
e 22 23 2
e 19 24 2
e 0 25 1
e 25 26 1
e 26 27 1
e 27 28 2
e 27 29 1
e 4 5 1
e 9 10 1
e 15 16 1
e 17 18 1
e 23 24 1
