t # 549
v 0 1
v 1 1
v 2 1
v 3 1
v 4 1
v 5 1
v 6 2
v 7 1
v 8 2
v 9 1
v 10 2
v 11 1
v 12 1
v 13 1
v 14 2
v 15 1
v 16 1
v 17 1
v 18 1
v 19 1
v 20 1
v 21 1
v 22 1
v 23 1
v 24 2
v 25 2
v 26 1
v 27 2
v 28 1
v 29 2
e 0 1 1
e 1 2 2
e 2 3 1
e 3 4 2
e 0 5 2
e 1 6 1
e 6 7 1
e 2 8 1
e 5 9 1
e 9 10 2
e 9 11 1
e 11 12 1
e 12 13 1
e 13 14 1
e 11 15 1
e 12 16 1
e 16 17 1
e 17 18 1
e 18 19 2
e 19 20 1
e 20 21 2
e 17 22 2
e 19 24 1
e 20 25 1
e 25 26 1
e 21 27 1
e 27 28 1
e 13 29 2
e 4 5 1
e 7 8 1
e 14 15 1
e 21 22 1
e 23 24 1
t # 1054
v 0 1
v 1 1
v 2 1
v 3 1
v 4 2
v 5 1
v 6 1
v 7 2
v 8 2
v 9 1
v 10 3
v 11 1
v 12 1
v 13 1
v 14 1
v 15 1
v 16 2
v 17 1
v 18 1
v 19 2
v 20 2
v 21 1
v 22 2
v 23 3
v 24 1
v 25 1
v 26 2
v 27 1
v 28 1
v 29 1
e 0 1 1
e 1 2 2
e 2 3 1
e 3 4 2
e 0 5 2
e 3 6 1
e 6 7 2
e 7 8 1
e 8 9 1
e 9 10 2
e 6 11 1
e 12 13 2
e 13 14 1
e 14 15 2
e 15 16 1
e 12 17 1
e 15 18 1
e 18 19 2
e 19 20 1
e 20 21 1
e 21 22 1
e 21 23 2
e 18 24 1
e 9 26 1
e 26 27 1
e 22 28 1
e 22 29 1
e 4 5 1
e 16 17 2
e 25 26 1
e 27 28 1
e 25 29 1
