t # 70
v 0 1
v 1 1
v 2 2
v 3 1
v 4 1
v 5 1
v 6 1
v 7 3
v 8 1
v 9 3
v 10 1
v 11 1
v 12 1
v 13 1
v 14 1
v 15 2
v 16 3
v 17 2
v 18 2
v 19 1
v 20 1
v 21 1
v 22 1
v 23 1
v 24 1
v 25 1
v 26 3
v 27 1
v 28 1
v 29 1
e 0 1 1
e 0 2 1
e 1 3 2
e 1 4 1
e 2 5 1
e 2 6 1
e 3 7 1
e 3 8 1
e 4 9 1
e 4 10 2
e 5 11 1
e 6 12 1
e 8 13 1
e 8 14 2
e 10 15 1
e 11 16 1
e 13 17 1
e 15 18 2
e 17 19 1
e 17 20 1
e 18 21 1
e 19 22 1
e 20 23 1
e 21 24 2
e 21 25 1
e 22 26 1
e 24 27 1
e 25 28 2
e 27 29 2
e 10 14 1
e 12 16 1
e 23 26 1
e 28 29 1
t # 720
v 0 1
v 1 1
v 2 1
v 3 1
v 4 1
v 5 1
v 6 1
v 7 1
v 8 2
v 9 2
v 10 1
v 11 3
v 12 3
v 13 3
v 14 1
v 15 3
v 16 3
v 17 3
v 18 1
v 19 2
v 20 1
v 21 3
v 22 3
v 23 3
v 24 1
v 25 3
v 26 3
v 27 3
v 28 1
v 29 1
e 0 1 1
e 1 2 1
e 2 3 2
e 3 4 1
e 4 5 2
e 1 6 2
e 0 7 1
e 7 8 2
e 10 11 1
e 10 12 1
e 10 13 1
e 14 15 1
e 14 16 1
e 14 17 1
e 7 18 1
e 20 21 1
e 20 22 1
e 20 23 1
e 24 25 1
e 24 26 1
e 24 27 1
e 18 28 1
e 0 29 1
e 5 6 1
e 19 28 1
e 20 28 1
e 24 28 1
e 9 29 1
e 10 29 1
e 14 29 1
