t # 252
v 0 1
v 1 1
v 2 1
v 3 1
v 4 1
v 5 1
v 6 2
v 7 1
v 8 2
v 9 1
v 10 1
v 11 1
v 12 3
v 13 1
v 14 1
v 15 1
v 16 1
v 17 1
v 18 1
v 19 4
v 20 3
v 21 1
v 22 2
v 23 1
v 24 1
v 25 1
v 26 1
v 27 1
v 28 3
v 29 1
e 0 1 1
e 1 2 2
e 2 3 1
e 3 4 2
e 0 5 2
e 5 6 1
e 6 7 1
e 0 8 1
e 2 9 1
e 9 10 2
e 10 11 1
e 11 12 2
e 12 13 1
e 13 14 2
e 14 15 1
e 15 16 2
e 16 17 1
e 13 18 1
e 11 19 1
e 10 20 1
e 20 21 1
e 21 22 2
e 21 23 1
e 23 24 1
e 24 25 2
e 25 26 1
e 26 27 2
e 26 28 1
e 23 29 2
e 4 5 1
e 7 8 1
e 17 18 2
e 18 19 1
e 27 29 1
t # 816
v 0 1
v 1 1
v 2 1
v 3 1
v 4 1
v 5 1
v 6 2
v 7 1
v 8 3
v 9 1
v 10 3
v 11 4
v 12 1
v 13 1
v 14 1
v 15 1
v 16 1
v 17 1
v 18 1
v 19 2
v 20 1
v 21 1
v 22 1
v 23 1
v 24 1
v 25 1
v 26 1
v 27 1
v 28 2
v 29 1
e 0 1 1
e 1 2 1
e 2 3 1
e 3 4 1
e 0 5 1
e 5 6 1
e 5 7 1
e 7 8 1
e 8 9 1
e 4 10 1
e 9 11 1
e 7 12 1
e 12 13 1
e 13 14 2
e 14 15 1
e 15 16 2
e 12 17 2
e 8 18 1
e 18 19 2
e 11 20 1
e 20 21 2
e 21 23 1
e 23 24 1
e 24 25 2
e 25 26 1
e 22 27 1
e 26 28 1
e 28 29 1
e 4 5 1
e 9 10 2
e 16 17 1
e 18 20 1
e 22 23 2
e 26 27 2
