t # 125
v 0 1
v 1 2
v 2 2
v 3 2
v 4 2
v 5 2
v 6 2
v 7 2
v 8 2
v 9 2
v 10 2
v 11 2
v 12 2
v 13 2
v 14 2
v 15 2
v 16 2
v 17 2
v 18 2
v 19 2
v 20 3
v 21 2
v 22 2
v 23 2
v 24 2
v 25 2
v 26 4
v 27 5
v 28 5
v 29 2
e 0 1 1
e 0 2 1
e 0 3 1
e 0 4 1
e 1 5 1
e 2 6 2
e 2 7 1
e 3 8 2
e 3 9 1
e 4 10 2
e 4 11 1
e 5 12 2
e 5 13 1
e 6 14 1
e 7 15 2
e 8 16 1
e 9 17 2
e 10 18 1
e 11 19 2
e 12 20 1
e 12 21 1
e 13 22 2
e 14 23 2
e 16 24 2
e 18 25 2
e 20 26 1
e 20 27 2
e 20 28 2
e 21 29 2
e 15 23 1
e 17 24 1
e 19 25 1
e 22 29 1
t # 292
v 0 1
v 1 1
v 2 1
v 3 1
v 4 1
v 5 1
v 6 1
v 7 1
v 8 1
v 9 1
v 10 1
v 11 1
v 12 1
v 13 1
v 14 2
v 15 1
v 16 1
v 17 1
v 18 1
v 19 1
v 20 1
v 21 1
v 22 1
v 23 1
v 24 1
v 25 1
v 26 1
v 27 1
v 28 1
v 29 2
e 0 1 1
e 1 2 2
e 2 3 1
e 3 4 2
e 0 5 2
e 5 6 1
e 6 7 1
e 7 8 2
e 4 9 1
e 8 10 1
e 10 11 2
e 11 12 1
e 7 13 1
e 9 14 2
e 6 15 1
e 15 16 1
e 16 17 2
e 17 18 1
e 18 19 2
e 19 20 1
e 16 21 1
e 15 22 1
e 22 23 1
e 23 24 2
e 24 25 1
e 25 26 2
e 22 27 2
e 17 28 1
e 28 29 2
e 4 5 1
e 8 9 1
e 12 13 2
e 20 21 2
e 26 27 1
e 23 28 1
