t # 978
v 0 1
v 1 2
v 2 1
v 3 1
v 4 1
v 5 2
v 6 3
v 7 2
v 8 4
v 9 1
v 10 1
v 11 1
v 12 1
v 13 1
v 14 1
v 15 1
v 16 1
v 17 1
v 18 1
v 19 1
v 20 1
v 21 1
v 22 1
v 23 1
v 24 1
v 25 1
v 26 1
v 27 3
v 28 1
v 29 1
e 0 1 2
e 1 2 1
e 2 3 2
e 3 4 1
e 2 5 1
e 4 6 2
e 0 7 1
e 5 8 2
e 8 9 1
e 9 10 1
e 10 11 2
e 11 12 1
e 12 13 2
e 9 14 2
e 8 15 1
e 15 16 1
e 16 17 2
e 17 18 1
e 18 19 2
e 15 20 2
e 8 21 1
e 21 22 1
e 22 23 2
e 23 24 1
e 24 25 2
e 21 26 2
e 0 27 1
e 27 28 1
e 7 29 1
e 4 7 1
e 13 14 1
e 19 20 1
e 25 26 1
t # 1117
v 0 1
v 1 1
v 2 1
v 3 1
v 4 1
v 5 1
v 6 1
v 7 1
v 8 1
v 9 1
v 10 1
v 11 1
v 12 1
v 13 1
v 14 1
v 15 1
v 16 2
v 17 2
v 18 1
v 19 1
v 20 2
v 21 2
v 22 1
v 23 2
v 24 1
v 25 2
v 26 1
v 27 3
v 28 3
v 29 1
e 0 1 1
e 0 5 2
e 0 25 1
e 1 2 2
e 1 27 1
e 2 3 1
e 2 6 1
e 3 4 2
e 3 13 1
e 4 5 1
e 5 15 1
e 7 8 2
e 7 12 1
e 7 23 1
e 8 9 1
e 8 28 1
e 9 10 2
e 9 14 1
e 10 11 1
e 10 13 1
e 11 12 2
e 12 19 1
e 13 29 2
e 15 16 2
e 15 17 1
e 17 18 1
e 19 20 2
e 19 21 1
e 21 22 1
e 23 24 1
e 25 26 1
