t # 315
v 0 1
v 1 1
v 2 1
v 3 1
v 4 1
v 5 1
v 6 2
v 7 1
v 8 2
v 9 1
v 10 3
v 11 2
v 12 1
v 13 1
v 14 1
v 15 1
v 16 1
v 17 1
v 18 1
v 19 3
v 20 1
v 21 1
v 22 1
v 23 1
v 24 3
v 25 3
v 26 3
v 27 1
v 28 3
v 29 4
e 0 1 1
e 1 2 2
e 2 3 1
e 3 4 2
e 0 5 2
e 5 6 1
e 6 7 2
e 7 8 1
e 4 9 1
e 9 10 2
e 8 11 1
e 7 12 1
e 12 13 1
e 13 14 2
e 14 15 1
e 15 16 2
e 12 17 2
e 11 18 1
e 18 19 1
e 19 20 1
e 20 21 1
e 21 22 1
e 18 23 1
e 23 24 1
e 22 25 1
e 21 26 1
e 20 27 1
e 27 28 1
e 15 29 1
e 4 5 1
e 8 9 1
e 16 17 1
e 22 23 1
t # 378
v 0 1
v 1 1
v 2 1
v 3 1
v 4 1
v 5 1
v 6 2
v 7 1
v 8 1
v 9 2
v 10 2
v 11 2
v 12 1
v 13 1
v 14 1
v 15 1
v 16 1
v 17 1
v 18 1
v 19 3
v 20 3
v 21 3
v 22 1
v 23 1
v 24 1
v 25 4
v 26 4
v 27 4
v 28 1
v 29 4
e 0 1 1
e 1 2 2
e 2 3 1
e 3 4 2
e 0 5 2
e 5 6 1
e 6 7 2
e 7 8 1
e 4 9 1
e 7 10 1
e 10 11 1
e 8 12 1
e 10 13 1
e 13 14 1
e 14 15 2
e 15 16 1
e 16 17 2
e 13 18 2
e 16 19 1
e 2 20 1
e 1 21 1
e 12 22 1
e 22 23 1
e 23 24 1
e 24 25 1
e 23 26 1
e 22 27 1
e 24 28 1
e 28 29 1
e 4 5 1
e 8 9 2
e 11 12 2
e 17 18 1
