t # 38
v 0 1
v 1 1
v 2 1
v 3 1
v 4 1
v 5 1
v 6 1
v 7 1
v 8 1
v 9 1
v 10 2
v 11 1
v 12 1
v 13 1
v 14 1
v 15 1
v 16 1
v 17 1
v 18 1
v 19 1
v 20 1
v 21 1
v 22 3
v 23 1
v 24 1
v 25 2
v 26 1
v 27 1
v 28 1
v 29 1
e 0 1 2
e 0 2 1
e 0 3 1
e 1 4 1
e 1 5 1
e 2 6 2
e 2 7 1
e 3 8 2
e 3 9 1
e 4 10 3
e 5 11 2
e 5 12 1
e 6 13 1
e 7 14 2
e 8 15 1
e 9 16 2
e 11 17 1
e 12 18 2
e 13 19 2
e 15 20 2
e 17 21 2
e 21 22 1
e 22 23 1
e 23 24 1
e 24 25 1
e 25 26 1
e 25 27 1
e 26 28 1
e 27 29 1
e 14 19 1
e 16 20 1
e 18 21 1
t # 858
v 0 1
v 1 1
v 2 1
v 3 1
v 4 1
v 5 1
v 6 1
v 7 1
v 8 1
v 9 1
v 10 2
v 11 1
v 12 2
v 13 3
v 14 1
v 15 1
v 16 1
v 17 1
v 18 1
v 19 1
v 20 1
v 21 1
v 22 1
v 23 1
v 24 1
v 25 1
v 26 1
v 27 2
v 28 3
v 29 3
e 0 1 1
e 1 2 1
e 2 3 1
e 3 4 1
e 0 5 1
e 5 6 1
e 6 7 1
e 1 8 1
e 3 9 1
e 3 10 1
e 10 11 1
e 11 12 2
e 12 13 1
e 10 14 1
e 11 15 1
e 15 16 1
e 16 17 2
e 17 18 1
e 18 19 2
e 15 20 2
e 14 21 1
e 21 22 1
e 22 23 2
e 23 24 1
e 24 25 2
e 21 26 2
e 18 27 1
e 27 28 2
e 27 29 1
e 4 5 1
e 7 8 1
e 7 9 1
e 13 14 1
e 19 20 1
e 25 26 1
