t # 466
v 0 1
v 1 1
v 2 1
v 3 1
v 4 1
v 5 1
v 6 2
v 7 1
v 8 2
v 9 1
v 10 1
v 11 3
v 12 4
v 13 1
v 14 2
v 15 1
v 16 1
v 17 1
v 18 1
v 19 1
v 20 1
v 21 1
v 22 2
v 23 2
v 24 1
v 25 1
v 26 2
v 27 2
v 28 2
v 29 1
e 0 1 1
e 1 2 2
e 2 3 1
e 3 4 2
e 0 5 2
e 1 6 1
e 6 7 1
e 2 8 1
e 5 9 1
e 9 10 1
e 10 11 1
e 10 12 1
e 12 13 1
e 13 14 2
e 13 15 1
e 15 16 1
e 16 17 2
e 17 18 1
e 18 19 2
e 15 20 2
e 10 21 1
e 11 22 1
e 11 23 1
e 23 24 1
e 22 25 1
e 11 26 2
e 21 27 2
e 21 28 1
e 28 29 1
e 4 5 1
e 7 8 1
e 19 20 1
t # 1096
v 0 1
v 1 1
v 2 1
v 3 1
v 4 1
v 5 1
v 6 2
v 7 1
v 8 1
v 9 1
v 10 1
v 11 3
v 12 1
v 13 1
v 14 1
v 15 1
v 16 1
v 17 1
v 18 3
v 19 1
v 20 1
v 21 1
v 22 1
v 23 1
v 24 1
v 25 1
v 26 4
v 27 1
v 28 1
v 29 1
e 0 1 1
e 0 4 1
e 1 25 1
e 2 3 1
e 2 25 1
e 3 9 1
e 3 4 1
e 4 5 1
e 4 6 1
e 5 7 2
e 5 8 1
e 6 26 1
e 9 10 1
e 10 11 1
e 10 18 1
e 11 12 1
e 12 13 1
e 12 17 2
e 13 14 2
e 14 15 1
e 15 16 2
e 16 17 1
e 18 19 1
e 19 20 1
e 19 24 2
e 20 21 2
e 21 22 1
e 22 23 2
e 23 24 1
e 26 27 1
e 26 28 1
e 26 29 1
