t # 602
v 0 1
v 1 1
v 2 1
v 3 1
v 4 1
v 5 1
v 6 1
v 7 2
v 8 1
v 9 1
v 10 1
v 11 1
v 12 1
v 13 1
v 14 2
v 15 1
v 16 2
v 17 1
v 18 3
v 19 2
v 20 2
v 21 4
v 22 3
v 23 2
v 24 2
v 25 4
v 26 1
v 27 1
v 28 1
v 29 1
e 0 1 1
e 0 5 2
e 1 2 2
e 2 3 1
e 2 18 1
e 3 4 2
e 4 6 1
e 4 5 1
e 5 16 1
e 6 7 2
e 6 8 1
e 8 9 1
e 8 13 2
e 9 10 2
e 10 11 1
e 10 22 1
e 11 12 2
e 12 13 1
e 13 14 1
e 14 15 1
e 16 17 1
e 18 19 2
e 18 20 2
e 18 21 1
e 21 26 1
e 21 27 1
e 22 23 2
e 22 24 2
e 22 25 1
e 25 28 1
e 25 29 1
t # 702
v 0 1
v 1 1
v 2 1
v 3 1
v 4 1
v 5 1
v 6 2
v 7 3
v 8 1
v 9 2
v 10 4
v 11 4
v 12 5
v 13 1
v 14 5
v 15 5
v 16 5
v 17 1
v 18 5
v 19 1
v 20 5
v 21 1
v 22 1
v 23 4
v 24 1
v 25 1
v 26 1
v 27 1
v 28 4
v 29 4
e 0 1 1
e 1 2 2
e 2 3 1
e 3 4 2
e 0 5 2
e 2 6 1
e 0 7 1
e 5 8 1
e 3 9 1
e 9 10 2
e 9 11 2
e 9 12 1
e 12 13 1
e 13 14 1
e 13 16 2
e 16 17 1
e 17 18 2
e 14 19 2
e 17 20 1
e 20 21 1
e 21 22 1
e 22 23 1
e 23 24 1
e 20 25 1
e 6 26 1
e 26 27 1
e 27 28 2
e 27 29 1
e 4 5 1
e 15 19 1
e 18 19 1
e 24 25 1
