t # 807
v 0 1
v 1 2
v 2 1
v 3 2
v 4 1
v 5 1
v 6 3
v 7 4
v 8 4
v 9 1
v 10 2
v 11 2
v 12 1
v 13 2
v 14 1
v 15 3
v 16 4
v 17 2
v 18 5
v 19 5
v 20 5
v 21 5
v 22 5
v 23 2
v 24 2
v 25 2
v 26 2
v 27 2
v 28 2
v 29 2
e 0 1 2
e 1 2 1
e 2 3 2
e 0 4 1
e 1 5 1
e 0 6 1
e 5 9 2
e 9 10 1
e 10 11 1
e 11 12 2
e 10 13 1
e 13 14 2
e 12 15 1
e 11 17 1
e 12 23 1
e 23 24 1
e 24 25 1
e 25 26 1
e 26 27 1
e 14 28 1
e 13 29 1
e 3 4 1
e 6 9 1
e 14 15 1
e 27 28 1
t # 993
v 0 1
v 1 1
v 2 2
v 3 1
v 4 1
v 5 1
v 6 3
v 7 1
v 8 2
v 9 4
v 10 1
v 11 2
v 12 1
v 13 1
v 14 1
v 15 1
v 16 1
v 17 1
v 18 4
v 19 3
v 20 3
v 21 1
v 22 1
v 23 1
v 24 1
v 25 1
v 26 1
v 27 1
v 28 2
v 29 1
e 0 1 2
e 1 2 1
e 2 3 1
e 3 4 1
e 0 5 1
e 3 6 2
e 4 7 1
e 7 8 3
e 1 9 1
e 0 10 1
e 10 11 3
e 5 12 1
e 12 13 1
e 13 14 2
e 14 15 1
e 15 16 2
e 12 17 2
e 18 19 2
e 18 20 2
e 18 21 1
e 21 22 1
e 22 23 2
e 23 24 1
e 24 25 2
e 21 26 2
e 24 27 1
e 2 28 1
e 15 29 1
e 4 5 2
e 16 17 1
e 25 26 1
e 18 28 1
