t # 125
v 0 1
v 1 2
v 2 2
v 3 2
v 4 2
v 5 2
v 6 2
v 7 1
v 8 2
v 9 1
v 10 2
v 11 2
v 12 2
v 13 2
v 14 2
v 15 2
v 16 2
v 17 2
v 18 1
v 19 2
v 20 1
v 21 2
v 22 1
v 23 2
v 24 2
e 0 1 2
e 1 2 1
e 1 3 1
e 2 4 2
e 2 5 1
e 3 6 2
e 4 7 1
e 4 8 1
e 5 9 1
e 5 10 2
e 6 11 1
e 8 12 2
e 11 13 2
e 11 14 1
e 12 15 1
e 13 16 1
e 14 17 2
e 16 18 1
e 16 19 2
e 17 20 1
e 18 21 1
e 19 22 1
e 20 23 1
e 22 24 1
e 6 7 1
e 10 12 1
e 17 19 1
t # 1677
v 0 1
v 1 2
v 2 1
v 3 2
v 4 2
v 5 2
v 6 3
v 7 2
v 8 1
v 9 2
v 10 3
v 11 2
v 12 4
v 13 1
v 14 2
v 15 2
v 16 2
v 17 2
v 18 2
v 19 2
v 20 5
v 21 5
v 22 2
v 23 2
v 24 5
e 0 1 1
e 0 3 2
e 1 2 2
e 1 10 1
e 2 5 1
e 3 4 1
e 3 12 1
e 4 9 1
e 4 5 2
e 5 6 1
e 6 7 1
e 7 8 1
e 7 13 2
e 8 14 1
e 8 9 1
e 9 20 1
e 10 11 1
e 13 15 1
e 14 19 1
e 14 15 2
e 15 16 1
e 16 17 2
e 17 18 1
e 17 21 1
e 18 24 1
e 18 19 2
e 21 22 1
e 22 23 1
e 23 24 1
