t # 4
v 0 1
v 1 1
v 2 1
v 3 1
v 4 1
v 5 1
v 6 1
v 7 2
v 8 1
v 9 2
v 10 1
v 11 1
v 12 2
v 13 1
v 14 1
v 15 1
v 16 1
v 17 1
v 18 1
v 19 2
v 20 1
v 21 2
v 22 1
v 23 2
v 24 2
e 0 1 1
e 1 2 1
e 1 3 1
e 1 4 1
e 2 5 2
e 2 6 1
e 3 7 1
e 3 8 2
e 4 9 2
e 4 10 1
e 5 11 1
e 6 12 1
e 6 13 2
e 8 14 1
e 10 15 1
e 11 16 1
e 11 17 2
e 13 18 1
e 14 19 2
e 15 20 1
e 15 21 2
e 16 22 1
e 16 23 2
e 17 24 1
e 5 7 1
e 10 14 1
e 13 17 1
t # 537
v 0 1
v 1 1
v 2 1
v 3 1
v 4 1
v 5 1
v 6 2
v 7 1
v 8 3
v 9 1
v 10 1
v 11 1
v 12 2
v 13 1
v 14 2
v 15 4
v 16 2
v 17 1
v 18 1
v 19 1
v 20 1
v 21 1
v 22 1
v 23 1
v 24 1
e 0 1 1
e 1 2 2
e 2 3 1
e 3 4 2
e 0 5 2
e 5 6 1
e 6 7 1
e 7 8 2
e 7 9 1
e 9 10 1
e 10 11 2
e 11 12 1
e 12 13 2
e 9 14 2
e 13 15 1
e 11 16 1
e 10 17 1
e 17 18 1
e 18 19 2
e 19 20 1
e 20 21 2
e 17 22 2
e 18 23 1
e 4 24 1
e 4 5 1
e 13 14 1
e 21 22 1
