t # 1469
v 0 1
v 1 1
v 2 1
v 3 1
v 4 1
v 5 1
v 6 1
v 7 2
v 8 1
v 9 1
v 10 3
v 11 3
v 12 1
v 13 3
v 14 1
v 15 3
v 16 1
v 17 2
v 18 2
v 19 1
v 20 1
v 21 1
v 22 1
v 23 2
v 24 2
e 0 1 1
e 1 2 2
e 2 3 1
e 3 4 2
e 0 5 2
e 6 7 1
e 7 8 1
e 8 9 2
e 6 10 2
e 8 11 1
e 9 12 1
e 12 13 3
e 3 14 1
e 14 15 1
e 4 16 1
e 16 17 2
e 14 18 2
e 15 19 1
e 19 20 1
e 6 21 1
e 19 22 1
e 22 23 2
e 22 24 1
e 4 5 1
e 9 10 1
e 15 16 1
e 20 21 1
t # 1636
v 0 1
v 1 1
v 2 1
v 3 1
v 4 1
v 5 1
v 6 2
v 7 1
v 8 1
v 9 1
v 10 1
v 11 2
v 12 1
v 13 3
v 14 1
v 15 1
v 16 1
v 17 3
v 18 1
v 19 1
v 20 1
v 21 4
v 22 1
v 23 1
v 24 1
e 0 1 1
e 0 2 2
e 2 3 1
e 3 4 2
e 1 5 2
e 1 6 1
e 6 7 1
e 0 8 1
e 8 9 1
e 9 10 1
e 10 11 1
e 11 12 1
e 12 13 2
e 12 14 1
e 6 15 1
e 15 16 1
e 15 17 2
e 16 18 2
e 18 19 1
e 19 20 3
e 20 21 1
e 21 22 1
e 21 23 1
e 21 24 1
e 4 5 1
e 7 8 1
