t # 274
v 0 1
v 1 1
v 2 1
v 3 1
v 4 1
v 5 2
v 6 1
v 7 1
v 8 2
v 9 2
v 10 2
v 11 2
v 12 1
v 13 1
v 14 1
v 15 1
v 16 1
v 17 1
v 18 1
v 19 1
v 20 1
v 21 1
v 22 1
v 23 3
v 24 3
e 0 1 2
e 0 2 1
e 0 3 1
e 1 4 1
e 1 5 1
e 2 6 2
e 2 7 1
e 3 8 2
e 3 9 1
e 4 10 2
e 4 11 1
e 6 12 1
e 7 13 2
e 9 14 1
e 9 15 1
e 11 16 1
e 11 17 1
e 12 18 2
e 14 19 1
e 15 20 1
e 16 21 1
e 17 22 1
e 19 23 1
e 21 24 1
e 5 6 1
e 8 10 1
e 13 18 1
e 20 23 1
e 22 24 1
t # 709
v 0 1
v 1 1
v 2 1
v 3 1
v 4 1
v 5 1
v 6 2
v 7 1
v 8 1
v 9 2
v 10 3
v 11 4
v 12 1
v 13 4
v 14 1
v 15 4
v 16 1
v 17 1
v 18 1
v 19 1
v 20 1
v 21 1
v 22 1
v 23 1
v 24 1
e 0 1 1
e 1 2 2
e 2 3 1
e 3 4 2
e 0 5 2
e 5 6 1
e 6 7 2
e 7 8 1
e 4 9 1
e 1 10 1
e 7 11 1
e 8 12 1
e 12 13 2
e 12 14 1
e 14 15 1
e 14 16 1
e 16 17 2
e 16 18 1
e 17 19 1
e 19 20 1
e 19 21 2
e 21 22 1
e 20 23 2
e 22 24 2
e 4 5 1
e 8 9 2
e 23 24 1
