t # 510
v 0 1
v 1 2
v 2 3
v 3 4
v 4 4
v 5 4
v 6 4
v 7 3
v 8 2
v 9 3
v 10 3
v 11 3
v 12 3
v 13 3
v 14 3
v 15 3
v 16 3
v 17 4
v 18 3
v 19 3
v 20 5
v 21 5
v 22 2
v 23 3
v 24 3
e 1 2 1
e 2 3 2
e 0 4 1
e 0 5 1
e 5 6 1
e 6 7 2
e 4 9 2
e 5 10 2
e 9 11 1
e 11 12 1
e 12 13 2
e 13 14 1
e 14 15 2
e 11 16 2
e 2 17 1
e 17 18 1
e 18 19 1
e 19 20 2
e 19 21 1
e 7 22 1
e 22 23 1
e 18 24 1
e 3 4 1
e 7 8 1
e 9 10 1
e 15 16 1
t # 1441
v 0 1
v 1 2
v 2 1
v 3 2
v 4 3
v 5 1
v 6 2
v 7 1
v 8 2
v 9 2
v 10 2
v 11 2
v 12 2
v 13 2
v 14 2
v 15 2
v 16 3
v 17 3
v 18 2
v 19 2
v 20 2
v 21 2
v 22 2
v 23 2
v 24 4
e 0 1 1
e 0 3 1
e 1 4 2
e 1 5 1
e 3 6 1
e 0 7 1
e 7 8 1
e 8 9 1
e 9 10 1
e 7 11 1
e 9 12 1
e 12 13 1
e 13 14 2
e 10 15 1
e 8 16 2
e 11 17 2
e 6 18 1
e 18 19 1
e 19 20 2
e 20 21 1
e 21 22 2
e 18 23 2
e 21 24 1
e 2 3 2
e 2 5 1
e 10 11 1
e 14 15 1
e 22 23 1
