t # 84
v 0 1
v 1 1
v 2 1
v 3 1
v 4 2
v 5 1
v 6 1
v 7 1
v 8 1
v 9 1
v 10 1
v 11 1
v 12 1
v 13 2
v 14 2
v 15 2
v 16 1
v 17 1
v 18 1
v 19 1
v 20 1
v 21 1
v 22 1
v 23 1
v 24 1
e 0 1 1
e 0 2 1
e 1 3 2
e 1 4 1
e 2 5 2
e 2 6 1
e 3 7 1
e 3 8 1
e 4 9 2
e 5 10 1
e 6 11 2
e 7 12 1
e 8 13 1
e 8 14 2
e 9 15 1
e 10 16 2
e 12 17 1
e 17 18 1
e 18 19 1
e 19 20 2
e 19 21 1
e 20 22 1
e 21 23 2
e 22 24 2
e 9 14 1
e 11 16 1
e 23 24 1
t # 516
v 0 1
v 1 2
v 2 2
v 3 2
v 4 2
v 5 2
v 6 2
v 7 2
v 8 2
v 9 3
v 10 2
v 11 1
v 12 2
v 13 2
v 14 2
v 15 2
v 16 2
v 17 2
v 18 2
v 19 2
v 20 3
v 21 2
v 22 4
v 23 5
v 24 5
e 0 1 1
e 1 2 1
e 2 3 1
e 3 4 1
e 4 5 2
e 5 6 1
e 6 7 2
e 3 8 2
e 6 9 1
e 9 10 1
e 11 12 1
e 12 13 1
e 13 14 1
e 14 15 1
e 15 16 2
e 16 17 1
e 17 18 2
e 14 19 2
e 17 20 1
e 20 21 1
e 7 8 1
e 18 19 1
