t # 487
v 0 1
v 1 1
v 2 1
v 3 1
v 4 1
v 5 1
v 6 1
v 7 1
v 8 1
v 9 2
v 10 2
v 11 1
v 12 1
v 13 1
v 14 1
v 15 1
v 16 1
v 17 3
v 18 3
v 19 1
v 20 1
v 21 2
v 22 1
v 23 1
v 24 3
e 0 1 1
e 1 2 2
e 2 3 1
e 3 4 2
e 0 5 2
e 5 6 1
e 6 7 2
e 7 8 1
e 8 9 2
e 9 10 1
e 10 11 1
e 11 12 1
e 12 13 2
e 13 14 1
e 14 15 2
e 11 16 2
e 16 17 1
e 14 18 1
e 8 19 1
e 19 20 1
e 20 21 1
e 21 22 1
e 21 23 1
e 4 5 1
e 15 16 1
t # 1550
v 0 1
v 1 2
v 2 3
v 3 1
v 4 1
v 5 4
v 6 4
v 7 2
v 8 1
v 9 1
v 10 1
v 11 1
v 12 1
v 13 1
v 14 1
v 15 1
v 16 1
v 17 1
v 18 1
v 19 1
v 20 1
v 21 1
v 22 1
v 23 1
v 24 5
e 0 1 2
e 1 2 1
e 0 4 1
e 2 5 1
e 2 6 1
e 2 7 1
e 1 8 1
e 8 9 1
e 9 10 1
e 10 11 2
e 11 12 1
e 12 13 2
e 9 14 2
e 6 15 2
e 15 16 1
e 16 17 1
e 17 18 2
e 18 19 1
e 19 20 2
e 16 21 2
e 3 22 1
e 0 23 1
e 3 4 2
e 3 7 1
e 5 8 2
e 13 14 1
e 7 15 1
e 20 21 1
