t # 1202
v 0 1
v 1 2
v 2 1
v 3 2
v 4 2
v 5 2
v 6 2
v 7 2
v 8 2
v 9 1
v 10 2
v 11 2
v 12 2
v 13 1
v 14 2
v 15 2
v 16 2
v 17 2
v 18 2
v 19 2
v 20 2
v 21 3
v 22 3
v 23 3
v 24 2
e 0 1 1
e 1 2 2
e 0 3 1
e 3 4 1
e 3 5 1
e 3 6 1
e 7 8 1
e 8 9 2
e 7 10 1
e 11 12 1
e 12 13 2
e 11 14 1
e 14 15 1
e 15 16 1
e 16 17 2
e 17 18 1
e 18 19 2
e 15 20 2
e 7 21 1
e 1 22 1
e 8 23 1
e 23 24 1
e 19 20 1
e 12 21 1
e 11 22 1
t # 1554
v 0 1
v 1 2
v 2 3
v 3 3
v 4 2
v 5 2
v 6 2
v 7 2
v 8 2
v 9 2
v 10 1
v 11 2
v 12 3
v 13 3
v 14 4
v 15 3
v 16 2
v 17 4
v 18 2
v 19 2
v 20 1
v 21 2
v 22 2
v 23 1
v 24 2
e 0 1 1
e 1 2 1
e 2 3 1
e 0 4 1
e 4 5 1
e 6 7 2
e 5 8 2
e 7 9 1
e 9 10 1
e 10 11 1
e 11 12 1
e 9 13 2
e 11 14 2
e 5 15 1
e 8 16 1
e 1 17 2
e 6 18 1
e 2 19 1
e 19 20 2
e 19 21 1
e 12 22 1
e 22 23 2
e 22 24 1
e 3 4 2
e 7 8 1
e 12 13 1
e 6 15 1
