t # 381
v 0 1
v 1 2
v 2 1
v 3 3
v 4 3
v 5 3
v 6 3
v 7 3
v 8 2
v 9 2
v 10 4
v 11 3
v 12 2
v 13 2
v 14 3
v 15 3
v 16 3
v 17 3
v 18 3
v 19 3
v 20 3
v 21 3
v 22 2
v 23 1
v 24 1
e 0 1 2
e 1 2 1
e 1 3 1
e 3 4 1
e 4 5 1
e 5 6 1
e 6 7 1
e 7 8 1
e 8 9 1
e 9 11 1
e 12 13 1
e 13 14 1
e 14 15 1
e 15 16 1
e 11 17 1
e 17 18 1
e 12 19 1
e 16 20 1
e 20 21 1
e 21 22 1
e 22 23 2
e 22 24 1
e 18 19 1
t # 1369
v 0 1
v 1 1
v 2 1
v 3 1
v 4 1
v 5 1
v 6 1
v 7 1
v 8 2
v 9 1
v 10 1
v 11 1
v 12 2
v 13 3
v 14 1
v 15 1
v 16 1
v 17 1
v 18 1
v 19 1
v 20 1
v 21 3
v 22 3
v 23 1
v 24 1
e 0 1 1
e 1 2 2
e 0 3 2
e 3 5 1
e 2 6 1
e 6 7 1
e 8 9 1
e 9 10 1
e 4 11 1
e 8 12 2
e 7 13 2
e 14 15 2
e 10 16 1
e 16 17 2
e 17 18 1
e 14 19 1
e 17 20 1
e 20 21 2
e 20 22 1
e 22 23 1
e 18 24 1
e 4 5 1
e 5 6 2
e 7 11 1
e 10 11 1
e 11 12 1
e 15 16 1
e 18 19 2
