t # 792
v 0 1
v 1 1
v 2 1
v 3 1
v 4 1
v 5 1
v 6 1
v 7 2
v 8 1
v 9 3
v 10 1
v 11 1
v 12 1
v 13 1
v 14 1
v 15 1
v 16 1
v 17 3
v 18 1
v 19 1
v 20 1
v 21 1
v 22 1
v 23 1
v 24 1
e 0 1 1
e 1 2 2
e 2 3 1
e 3 4 2
e 0 5 2
e 4 6 1
e 6 7 1
e 6 8 1
e 8 9 1
e 9 10 1
e 10 11 1
e 11 12 1
e 12 13 2
e 13 14 1
e 14 15 2
e 11 16 2
e 7 17 2
e 7 18 1
e 18 19 1
e 19 20 1
e 20 21 2
e 21 22 1
e 22 23 2
e 19 24 2
e 4 5 1
e 15 16 1
e 23 24 1
t # 1223
v 0 1
v 1 2
v 2 2
v 3 1
v 4 1
v 5 3
v 6 1
v 7 1
v 8 1
v 9 4
v 10 4
v 11 4
v 12 4
v 13 4
v 14 4
v 15 5
v 16 2
v 17 2
v 18 2
v 19 1
v 20 1
v 21 1
v 22 1
v 23 1
v 24 1
e 0 1 2
e 0 2 1
e 2 3 1
e 3 4 1
e 0 5 1
e 5 6 1
e 6 7 1
e 6 8 1
e 8 9 1
e 8 10 1
e 8 11 1
e 7 12 1
e 7 13 1
e 7 14 1
e 6 15 1
e 15 16 2
e 15 17 1
e 15 18 1
e 17 19 1
e 19 20 1
e 19 21 1
e 18 22 1
e 22 23 1
e 22 24 1
