t # 695
v 0 1
v 1 1
v 2 1
v 3 1
v 4 1
v 5 1
v 6 2
v 7 1
v 8 1
v 9 1
v 10 1
v 11 1
v 12 1
v 13 1
v 14 1
v 15 1
v 16 3
v 17 2
v 18 2
v 19 3
v 20 2
v 21 2
v 22 2
v 23 2
v 24 4
e 0 1 1
e 1 2 2
e 2 3 1
e 3 4 2
e 0 5 2
e 0 6 1
e 5 7 1
e 7 8 1
e 1 9 1
e 9 10 1
e 9 11 1
e 9 12 1
e 7 13 1
e 7 14 1
e 3 15 1
e 15 16 1
e 16 17 2
e 16 18 1
e 15 19 1
e 19 20 2
e 19 21 1
e 19 22 1
e 16 23 1
e 4 5 1
t # 1195
v 0 1
v 1 1
v 2 1
v 3 1
v 4 1
v 5 1
v 6 1
v 7 1
v 8 2
v 9 1
v 10 1
v 11 1
v 12 1
v 13 2
v 14 2
v 15 1
v 16 3
v 17 2
v 18 1
v 19 1
v 20 1
v 21 1
v 22 1
v 23 1
v 24 1
e 0 1 1
e 1 2 2
e 2 3 1
e 3 4 2
e 0 5 2
e 5 6 1
e 6 7 1
e 7 8 1
e 8 9 2
e 9 10 1
e 10 11 2
e 7 12 2
e 6 13 2
e 13 14 1
e 14 15 1
e 15 16 2
e 15 17 1
e 17 18 1
e 18 19 1
e 19 20 2
e 20 21 1
e 18 22 2
e 21 23 2
e 20 24 1
e 4 5 1
e 11 12 1
e 22 23 1
