t # 1267
v 0 1
v 1 2
v 2 3
v 3 2
v 4 2
v 5 2
v 6 3
v 7 2
v 8 4
v 9 3
v 10 2
v 11 2
v 12 2
v 13 2
v 14 2
v 15 2
v 16 2
v 17 2
v 18 2
v 19 2
v 20 2
v 21 2
v 22 2
v 23 5
v 24 5
e 0 1 1
e 1 2 2
e 2 3 1
e 0 4 1
e 4 5 1
e 1 6 1
e 6 7 1
e 7 8 2
e 7 9 1
e 9 10 1
e 10 11 1
e 11 12 2
e 12 13 1
e 13 14 2
e 10 15 2
e 6 16 1
e 16 17 1
e 17 18 1
e 18 19 2
e 19 20 1
e 20 21 2
e 17 22 2
e 12 23 1
e 13 24 1
e 3 4 1
e 14 15 1
e 21 22 1
t # 1518
v 0 1
v 1 1
v 2 1
v 3 1
v 4 1
v 5 1
v 6 2
v 7 2
v 8 1
v 9 2
v 10 1
v 11 3
v 12 1
v 13 2
v 14 1
v 15 1
v 16 1
v 17 1
v 18 3
v 19 1
v 20 1
v 21 1
v 22 1
v 23 1
v 24 1
e 0 1 1
e 1 2 2
e 2 3 1
e 3 4 2
e 0 5 2
e 6 7 1
e 7 8 1
e 7 10 1
e 8 11 2
e 2 12 1
e 8 13 1
e 3 14 1
e 14 15 2
e 15 16 1
e 4 17 1
e 1 18 1
e 10 19 1
e 19 20 1
e 20 21 2
e 21 22 1
e 22 23 2
e 19 24 2
e 4 5 1
e 9 10 2
e 6 12 2
e 9 13 1
e 16 17 2
e 23 24 1
