t # 90
v 0 1
v 1 1
v 2 1
v 3 1
v 4 1
v 5 2
v 6 2
v 7 2
v 8 2
v 9 1
v 10 1
v 11 1
v 12 1
v 13 1
v 14 1
v 15 1
v 16 1
v 17 1
v 18 1
v 19 2
v 20 2
v 21 2
v 22 2
v 23 2
v 24 2
e 0 1 1
e 0 2 1
e 0 3 1
e 0 4 1
e 1 5 1
e 2 6 1
e 3 7 1
e 4 8 1
e 5 9 1
e 6 10 1
e 9 11 1
e 10 12 1
e 11 13 1
e 11 14 1
e 11 15 1
e 12 16 1
e 12 17 1
e 12 18 1
e 13 19 1
e 14 20 1
e 15 21 1
e 16 22 1
e 17 23 1
e 18 24 1
t # 830
v 0 1
v 1 1
v 2 1
v 3 1
v 4 1
v 5 1
v 6 1
v 7 1
v 8 2
v 9 1
v 10 1
v 11 1
v 12 1
v 13 2
v 14 1
v 15 1
v 16 1
v 17 1
v 18 1
v 19 1
v 20 1
v 21 3
v 22 3
v 23 1
v 24 4
e 0 1 1
e 1 2 2
e 2 3 1
e 3 4 2
e 0 5 2
e 5 6 1
e 6 7 2
e 4 8 1
e 7 9 1
e 9 10 1
e 10 11 1
e 6 12 1
e 12 13 1
e 11 14 1
e 8 15 1
e 13 16 1
e 14 17 1
e 11 18 1
e 18 19 1
e 9 20 1
e 20 21 2
e 20 22 1
e 22 23 1
e 4 5 1
e 7 8 1
e 11 12 1
e 16 17 1
