t # 8
v 0 1
v 1 2
v 2 2
v 3 3
v 4 3
v 5 3
v 6 3
v 7 3
v 8 3
v 9 3
v 10 3
v 11 3
v 12 3
v 13 3
v 14 3
v 15 3
v 16 2
v 17 2
v 18 2
v 19 2
v 20 3
v 21 3
v 22 2
v 23 3
v 24 3
e 0 1 1
e 0 2 2
e 0 3 1
e 3 4 2
e 3 5 1
e 4 6 1
e 4 7 1
e 5 8 2
e 6 9 2
e 6 10 1
e 7 11 1
e 7 12 2
e 8 13 1
e 9 14 1
e 10 15 2
e 10 16 1
e 11 17 2
e 11 18 1
e 13 19 1
e 13 20 2
e 14 21 2
e 15 22 1
e 16 23 1
e 19 24 1
e 8 9 1
e 12 15 1
e 20 21 1
e 22 23 1
t # 1706
v 0 1
v 1 1
v 2 1
v 3 1
v 4 1
v 5 2
v 6 1
v 7 3
v 8 3
v 9 1
v 10 1
v 11 3
v 12 3
v 13 1
v 14 4
v 15 1
v 16 1
v 17 1
v 18 3
v 19 3
v 20 1
v 21 1
v 22 3
v 23 3
v 24 1
e 0 1 2
e 0 5 1
e 0 17 1
e 1 2 1
e 1 21 1
e 2 3 1
e 2 14 1
e 3 4 2
e 3 10 1
e 4 6 1
e 4 5 1
e 6 7 2
e 6 8 1
e 8 9 1
e 10 11 2
e 10 12 1
e 12 13 1
e 14 15 1
e 14 16 1
e 17 18 2
e 17 19 1
e 19 20 1
e 21 22 2
e 21 23 1
e 23 24 1
