t # 44
v 0 1
v 1 2
v 2 2
v 3 2
v 4 2
v 5 3
v 6 3
v 7 3
v 8 3
v 9 3
v 10 3
v 11 3
v 12 3
v 13 3
v 14 3
v 15 2
v 16 3
v 17 3
v 18 3
v 19 3
v 20 3
v 21 3
v 22 3
v 23 3
v 24 3
e 0 1 2
e 0 2 2
e 0 3 2
e 0 4 1
e 5 6 2
e 5 7 1
e 5 8 1
e 6 9 1
e 6 10 1
e 7 11 2
e 7 12 1
e 8 13 2
e 8 14 1
e 9 15 2
e 9 16 1
e 10 17 2
e 11 18 1
e 12 19 2
e 13 20 1
e 14 21 2
e 16 22 2
e 18 23 2
e 20 24 2
e 11 15 1
e 17 22 1
e 19 23 1
e 21 24 1
t # 101
v 0 1
v 1 1
v 2 1
v 3 1
v 4 1
v 5 2
v 6 1
v 7 1
v 8 3
v 9 1
v 10 1
v 11 3
v 12 2
v 13 1
v 14 1
v 15 3
v 16 1
v 17 1
v 18 1
v 19 1
v 20 1
v 21 1
v 22 1
v 23 1
v 24 1
e 0 1 1
e 0 2 1
e 1 3 1
e 2 4 1
e 2 5 1
e 4 6 1
e 4 7 1
e 5 8 1
e 5 9 1
e 6 10 1
e 7 11 2
e 7 12 1
e 9 13 2
e 9 14 1
e 10 15 2
e 12 16 1
e 13 17 1
e 14 18 2
e 16 19 2
e 16 20 1
e 17 21 2
e 19 22 1
e 20 23 2
e 22 24 2
e 6 8 1
e 10 12 1
e 18 21 1
e 23 24 1
