t # 258
v 0 1
v 1 1
v 2 2
v 3 3
v 4 1
v 5 1
v 6 4
v 7 1
v 8 1
v 9 1
v 10 1
v 11 1
v 12 3
v 13 1
v 14 1
v 15 3
v 16 1
v 17 1
v 18 1
v 19 1
v 20 2
v 21 2
v 22 1
v 23 1
v 24 1
e 0 1 1
e 0 2 2
e 0 3 1
e 1 4 1
e 3 5 1
e 3 6 1
e 4 7 1
e 5 8 2
e 5 9 1
e 6 10 1
e 7 11 1
e 8 12 1
e 8 13 1
e 9 14 2
e 10 15 1
e 11 16 1
e 13 17 2
e 15 18 1
e 16 19 1
e 18 20 1
e 18 21 2
e 19 22 1
e 20 23 1
e 22 24 1
e 10 12 2
e 14 17 1
t # 1672
v 0 1
v 1 2
v 2 1
v 3 1
v 4 1
v 5 1
v 6 1
v 7 3
v 8 3
v 9 2
v 10 1
v 11 3
v 12 1
v 13 1
v 14 1
v 15 3
v 16 1
v 17 1
v 18 1
v 19 1
v 20 1
v 21 1
v 22 1
v 23 1
v 24 1
e 0 1 1
e 0 8 2
e 0 9 1
e 1 2 1
e 1 10 1
e 2 3 2
e 2 16 1
e 3 4 1
e 3 5 1
e 4 7 2
e 4 9 1
e 5 6 1
e 10 11 1
e 11 12 1
e 12 13 1
e 13 14 1
e 14 15 1
e 16 17 1
e 17 18 1
e 17 22 2
e 18 19 2
e 19 20 1
e 19 24 1
e 20 21 2
e 21 23 1
e 21 22 1
