t # 69
v 0 1
v 1 1
v 2 1
v 3 1
v 4 1
v 5 1
v 6 1
v 7 1
v 8 2
v 9 1
v 10 1
v 11 3
v 12 1
v 13 1
v 14 2
v 15 1
v 16 1
v 17 1
v 18 1
v 19 1
v 20 1
v 21 1
v 22 1
v 23 1
v 24 1
e 0 1 2
e 0 2 1
e 1 3 1
e 1 4 1
e 2 5 2
e 2 6 1
e 3 7 2
e 3 8 1
e 4 9 2
e 4 10 1
e 5 11 1
e 5 12 1
e 6 13 2
e 7 14 1
e 8 15 2
e 9 16 1
e 10 17 2
e 12 18 2
e 14 19 2
e 15 20 1
e 16 21 2
e 19 22 1
e 20 23 2
e 22 24 2
e 7 9 1
e 13 18 1
e 15 19 1
e 17 21 1
e 23 24 1
t # 1563
v 0 1
v 1 2
v 2 1
v 3 1
v 4 1
v 5 1
v 6 2
v 7 1
v 8 2
v 9 2
v 10 2
v 11 1
v 12 1
v 13 1
v 14 1
v 15 1
v 16 1
v 17 3
v 18 1
v 19 2
v 20 2
v 21 2
v 22 2
v 23 1
v 24 4
e 0 1 1
e 1 2 1
e 2 3 1
e 3 4 1
e 0 5 1
e 0 6 1
e 6 7 1
e 3 8 1
e 4 9 1
e 5 10 1
e 2 11 1
e 13 14 1
e 14 15 1
e 12 16 1
e 12 17 1
e 13 18 1
e 18 19 1
e 14 20 1
e 15 21 1
e 16 22 1
e 11 23 1
e 4 5 1
e 15 16 1
e 13 17 1
e 12 23 1
