t # 35
v 0 1
v 1 1
v 2 1
v 3 1
v 4 2
v 5 2
v 6 2
v 7 3
v 8 3
v 9 3
v 10 3
v 11 3
v 12 4
v 13 4
v 14 4
v 15 4
v 16 4
v 17 4
v 18 4
v 19 4
e 0 8 1
e 0 10 1
e 1 9 1
e 1 17 1
e 2 9 2
e 3 10 1
e 3 19 1
e 4 7 1
e 4 15 1
e 4 16 1
e 5 6 3
e 5 11 1
e 7 8 1
e 7 9 1
e 7 12 1
e 8 13 1
e 8 14 1
e 10 11 2
e 11 18 1
t # 384
v 0 1
v 1 1
v 2 1
v 3 1
v 4 2
v 5 3
v 6 3
v 7 3
v 8 3
v 9 3
v 10 3
v 11 3
v 12 3
v 13 4
v 14 4
v 15 4
v 16 4
v 17 4
v 18 4
v 19 4
e 0 5 1
e 0 11 1
e 1 4 1
e 2 4 2
e 3 11 2
e 4 6 1
e 5 7 2
e 5 8 1
e 6 9 2
e 6 10 1
e 7 9 1
e 7 13 1
e 8 10 2
e 8 14 1
e 9 15 1
e 10 16 1
e 11 12 1
e 12 17 1
e 12 18 1
e 12 19 1
