t # 47
v 0 1
v 1 1
v 2 1
v 3 1
v 4 1
v 5 2
v 6 2
v 7 2
v 8 3
v 9 3
v 10 3
v 11 3
v 12 3
v 13 4
v 14 4
v 15 4
v 16 4
v 17 4
v 18 4
v 19 4
e 0 5 1
e 0 12 1
e 1 11 1
e 1 19 1
e 2 10 2
e 3 11 2
e 4 12 2
e 5 8 1
e 5 10 1
e 6 9 1
e 6 16 1
e 6 17 1
e 7 10 1
e 7 12 1
e 7 18 1
e 8 9 1
e 8 13 1
e 8 14 1
e 9 11 1
e 9 15 1
t # 310
v 0 1
v 1 1
v 2 1
v 3 1
v 4 1
v 5 2
v 6 2
v 7 3
v 8 3
v 9 3
v 10 3
v 11 3
v 12 3
v 13 3
v 14 4
v 15 4
v 16 4
v 17 4
v 18 4
v 19 4
e 0 10 1
e 0 19 1
e 1 5 1
e 2 6 1
e 3 5 2
e 4 6 2
e 5 8 1
e 6 9 1
e 7 11 2
e 7 12 1
e 7 13 1
e 8 10 2
e 8 11 1
e 9 10 1
e 9 12 2
e 11 14 1
e 12 15 1
e 13 16 1
e 13 17 1
e 13 18 1
