t # 161
v 0 1
v 1 1
v 2 2
v 3 2
v 4 2
v 5 2
v 6 2
v 7 2
v 8 3
v 9 3
v 10 3
v 11 3
v 12 3
v 13 3
v 14 4
v 15 4
v 16 4
v 17 4
v 18 4
v 19 4
e 0 2 1
e 0 4 2
e 0 5 2
e 0 8 1
e 1 3 1
e 1 6 2
e 1 7 2
e 1 9 1
e 2 18 1
e 3 19 1
e 8 10 2
e 8 11 1
e 9 10 1
e 9 12 2
e 10 14 1
e 11 13 2
e 11 15 1
e 12 13 1
e 12 16 1
e 13 17 1
t # 379
v 0 1
v 1 2
v 2 2
v 3 2
v 4 2
v 5 2
v 6 2
v 7 2
v 8 3
v 9 3
v 10 3
v 11 3
v 12 3
v 13 3
v 14 4
v 15 4
v 16 4
v 17 4
v 18 4
v 19 4
e 1 8 1
e 1 18 1
e 2 11 1
e 2 19 1
e 3 11 2
e 4 12 1
e 5 13 1
e 6 12 2
e 7 13 2
e 8 9 1
e 8 10 1
e 8 11 1
e 9 12 1
e 9 14 1
e 9 15 1
e 10 13 1
e 10 16 1
e 10 17 1
