t # 17
v 0 1
v 1 1
v 2 1
v 3 1
v 4 2
v 5 2
v 6 2
v 7 2
v 8 2
v 9 2
v 10 3
v 11 3
v 12 3
v 13 3
v 14 3
v 15 3
v 16 3
v 17 3
v 18 3
v 19 3
e 0 4 1
e 0 15 1
e 1 7 2
e 2 8 1
e 2 19 1
e 3 8 2
e 4 5 1
e 4 6 1
e 4 10 1
e 5 7 1
e 5 11 1
e 5 12 1
e 6 8 1
e 6 13 1
e 6 14 1
e 7 9 1
e 9 16 1
e 9 17 1
e 9 18 1
t # 383
v 0 1
v 1 1
v 2 1
v 3 2
v 4 2
v 5 2
v 6 2
v 7 2
v 8 2
v 9 2
v 10 2
v 11 2
v 12 3
v 13 3
v 14 3
v 15 3
v 16 3
v 17 3
v 18 3
v 19 3
e 0 10 1
e 0 11 1
e 1 10 2
e 2 11 2
e 3 5 1
e 3 7 1
e 3 8 1
e 3 14 1
e 4 6 1
e 4 7 1
e 4 9 1
e 4 15 1
e 5 6 1
e 5 10 1
e 5 12 1
e 6 11 1
e 6 13 1
e 7 16 1
e 7 17 1
e 8 9 2
e 8 18 1
e 9 19 1
