t # 137
v 0 1
v 1 1
v 2 2
v 3 3
v 4 3
v 5 3
v 6 3
v 7 3
v 8 3
v 9 3
v 10 3
v 11 4
v 12 4
v 13 4
v 14 4
v 15 4
v 16 4
v 17 4
v 18 4
v 19 4
e 0 2 1
e 1 2 2
e 2 5 1
e 3 5 2
e 3 6 1
e 3 9 1
e 4 6 2
e 4 7 1
e 4 10 1
e 5 8 1
e 6 11 1
e 7 8 2
e 7 12 1
e 8 13 1
e 9 14 1
e 9 15 1
e 9 16 1
e 10 17 1
e 10 18 1
e 10 19 1
t # 380
v 0 1
v 1 2
v 2 3
v 3 4
v 4 4
v 5 4
v 6 4
v 7 4
v 8 4
v 9 5
v 10 5
v 11 5
v 12 5
v 13 5
v 14 5
v 15 5
v 16 5
v 17 5
v 18 5
v 19 5
e 0 6 1
e 0 19 1
e 1 3 1
e 1 6 1
e 2 5 1
e 2 6 2
e 3 4 1
e 3 9 1
e 3 10 1
e 4 11 1
e 4 12 1
e 4 13 1
e 5 7 1
e 5 14 1
e 5 15 1
e 7 8 2
e 7 16 1
e 8 17 1
e 8 18 1
