t # 58
v 0 1
v 1 2
v 2 3
v 3 3
v 4 3
v 5 4
v 6 5
v 7 5
v 8 5
v 9 5
v 10 6
v 11 6
v 12 6
v 13 6
v 14 6
v 15 6
v 16 6
v 17 6
v 18 6
v 19 6
e 0 1 1
e 0 8 1
e 1 2 1
e 1 3 2
e 1 5 1
e 2 9 1
e 4 6 2
e 5 6 1
e 5 10 1
e 6 7 1
e 7 11 1
e 7 12 1
e 7 13 1
e 8 14 1
e 8 15 1
e 8 16 1
e 9 17 1
e 9 18 1
e 9 19 1
t # 366
v 0 1
v 1 1
v 2 2
v 3 2
v 4 2
v 5 2
v 6 2
v 7 2
v 8 2
v 9 2
v 10 3
v 11 3
v 12 3
v 13 3
v 14 3
v 15 3
v 16 3
v 17 3
v 18 3
v 19 3
e 0 4 1
e 0 9 1
e 1 5 2
e 2 3 1
e 2 4 1
e 2 10 1
e 2 11 1
e 3 5 1
e 3 12 1
e 3 13 1
e 4 6 2
e 5 7 1
e 6 8 1
e 6 14 1
e 7 15 1
e 7 16 1
e 7 17 1
e 8 9 2
e 8 18 1
e 9 19 1
