t # 320
v 0 1
v 1 1
v 2 2
v 3 2
v 4 3
v 5 3
v 6 3
v 7 3
v 8 3
v 9 3
v 10 4
v 11 4
v 12 4
v 13 4
v 14 4
v 15 4
v 16 4
v 17 4
v 18 4
v 19 4
e 0 18 1
e 1 19 1
e 2 4 1
e 2 14 1
e 2 15 1
e 3 5 1
e 3 16 1
e 3 17 1
e 4 5 1
e 4 6 2
e 5 7 2
e 6 8 1
e 6 10 1
e 7 9 1
e 7 11 1
e 8 9 2
e 8 12 1
e 9 13 1
t # 354
v 0 1
v 1 2
v 2 2
v 3 2
v 4 2
v 5 2
v 6 2
v 7 3
v 8 3
v 9 3
v 10 3
v 11 3
v 12 3
v 13 3
v 14 3
v 15 3
v 16 3
v 17 3
v 18 3
v 19 3
e 0 5 1
e 1 2 1
e 1 3 1
e 1 7 1
e 1 8 1
e 2 4 1
e 2 9 1
e 2 10 1
e 3 5 1
e 3 11 1
e 3 12 1
e 4 6 1
e 4 13 1
e 4 14 1
e 5 15 1
e 5 16 1
e 6 17 1
e 6 18 1
e 6 19 1
