t # 93
v 0 1
v 1 2
v 2 2
v 3 2
v 4 3
v 5 4
v 6 4
v 7 5
v 8 5
v 9 5
v 10 5
v 11 5
v 12 5
v 13 5
v 14 5
v 15 6
v 16 6
v 17 6
v 18 6
v 19 6
e 0 7 1
e 0 13 1
e 1 14 1
e 2 14 1
e 3 14 1
e 4 10 1
e 4 14 1
e 5 8 1
e 5 13 2
e 6 13 1
e 6 18 1
e 6 19 1
e 7 8 2
e 7 9 1
e 8 11 1
e 9 10 2
e 9 15 1
e 10 12 1
e 11 12 2
e 11 16 1
e 12 17 1
t # 177
v 0 1
v 1 1
v 2 2
v 3 2
v 4 2
v 5 2
v 6 2
v 7 2
v 8 3
v 9 3
v 10 3
v 11 3
v 12 3
v 13 3
v 14 3
v 15 3
v 16 3
v 17 3
v 18 3
v 19 3
e 0 5 1
e 0 6 1
e 1 5 2
e 2 3 1
e 2 4 1
e 2 8 1
e 2 9 1
e 3 5 1
e 3 10 1
e 3 11 1
e 4 12 1
e 4 13 1
e 4 14 1
e 6 7 1
e 6 15 1
e 6 16 1
e 7 17 1
e 7 18 1
e 7 19 1
