t # 158
v 0 1
v 1 1
v 2 1
v 3 2
v 4 2
v 5 3
v 6 3
v 7 3
v 8 3
v 9 3
v 10 3
v 11 3
v 12 4
v 13 4
v 14 4
v 15 4
v 16 4
v 17 4
v 18 4
v 19 4
e 0 5 1
e 0 11 1
e 1 4 1
e 2 4 2
e 3 6 1
e 3 15 1
e 3 16 1
e 4 7 1
e 5 6 2
e 5 8 1
e 6 9 1
e 7 8 2
e 7 10 1
e 8 12 1
e 9 10 2
e 9 13 1
e 10 14 1
e 11 17 1
e 11 18 1
e 11 19 1
t # 317
v 0 1
v 1 1
v 2 2
v 3 3
v 4 3
v 5 3
v 6 3
v 7 3
v 8 3
v 9 3
v 10 3
v 11 4
v 12 4
v 13 4
v 14 4
v 15 4
v 16 4
v 17 4
v 18 4
v 19 4
e 0 4 1
e 0 19 1
e 1 9 2
e 2 3 1
e 2 9 1
e 2 12 1
e 3 4 1
e 3 5 2
e 4 6 2
e 5 7 1
e 5 11 1
e 6 8 1
e 6 13 1
e 7 8 2
e 7 14 1
e 8 15 1
e 9 10 1
e 10 16 1
e 10 17 1
e 10 18 1
