t # 139
v 0 1
v 1 1
v 2 2
v 3 2
v 4 2
v 5 2
v 6 2
v 7 2
v 8 2
v 9 2
v 10 3
v 11 3
v 12 3
v 13 3
v 14 3
v 15 3
v 16 3
v 17 3
v 18 3
v 19 3
e 0 2 1
e 0 8 1
e 1 3 1
e 1 9 1
e 2 3 1
e 2 4 2
e 3 5 2
e 4 6 1
e 4 10 1
e 5 7 1
e 5 11 1
e 6 7 2
e 6 12 1
e 7 13 1
e 8 14 1
e 8 15 1
e 8 16 1
e 9 17 1
e 9 18 1
e 9 19 1
t # 299
v 0 1
v 1 2
v 2 2
v 3 2
v 4 2
v 5 2
v 6 2
v 7 2
v 8 2
v 9 3
v 10 3
v 11 3
v 12 3
v 13 3
v 14 3
v 15 3
v 16 3
v 17 3
v 18 3
v 19 3
e 0 5 1
e 0 18 1
e 0 19 1
e 1 2 1
e 1 3 2
e 1 4 1
e 2 6 1
e 2 9 1
e 2 10 1
e 3 7 1
e 3 11 1
e 4 8 2
e 4 12 1
e 5 7 2
e 5 8 1
e 6 13 1
e 6 14 1
e 6 15 1
e 7 16 1
e 8 17 1
