t # 19
v 0 1
v 1 1
v 2 1
v 3 1
v 4 2
v 5 2
v 6 2
v 7 2
v 8 2
v 9 2
v 10 2
v 11 2
v 12 3
v 13 3
v 14 3
v 15 3
v 16 3
v 17 3
v 18 3
v 19 3
e 0 8 1
e 0 17 1
e 1 10 1
e 1 18 1
e 2 11 1
e 2 19 1
e 3 11 2
e 4 5 1
e 4 6 2
e 4 7 1
e 5 11 1
e 5 12 1
e 5 13 1
e 6 8 1
e 6 14 1
e 7 9 2
e 7 15 1
e 8 10 2
e 9 10 1
e 9 16 1
t # 210
v 0 1
v 1 1
v 2 1
v 3 2
v 4 3
v 5 3
v 6 4
v 7 5
v 8 5
v 9 5
v 10 5
v 11 5
v 12 5
v 13 5
v 14 5
v 15 5
v 16 6
v 17 6
v 18 6
v 19 6
e 0 15 1
e 1 15 1
e 2 15 1
e 3 6 1
e 3 15 1
e 4 9 2
e 5 10 2
e 6 9 1
e 6 10 1
e 7 8 1
e 7 9 1
e 7 11 2
e 8 10 1
e 8 12 2
e 11 13 1
e 11 16 1
e 12 14 1
e 12 17 1
e 13 14 2
e 13 18 1
e 14 19 1
