t # 347
v 0 1
v 1 2
v 2 2
v 3 3
v 4 3
v 5 3
v 6 3
v 7 3
v 8 4
v 9 4
v 10 4
v 11 4
v 12 4
v 13 4
v 14 4
v 15 4
v 16 4
v 17 4
v 18 4
v 19 4
e 0 3 2
e 1 3 1
e 1 4 1
e 1 5 1
e 2 3 1
e 2 6 1
e 2 7 1
e 4 8 1
e 4 9 1
e 4 10 1
e 5 11 1
e 5 12 1
e 5 13 1
e 6 14 1
e 6 15 1
e 6 16 1
e 7 17 1
e 7 18 1
e 7 19 1
t # 412
v 0 1
v 1 1
v 2 2
v 3 3
v 4 3
v 5 3
v 6 3
v 7 3
v 8 3
v 9 4
v 10 4
v 11 4
v 12 4
v 13 4
v 14 4
v 15 4
v 16 4
v 17 4
v 18 4
v 19 4
e 0 2 1
e 1 2 2
e 2 3 1
e 3 4 1
e 3 5 1
e 3 9 1
e 4 6 1
e 4 10 1
e 4 11 1
e 5 7 1
e 5 12 1
e 5 13 1
e 6 8 1
e 6 14 1
e 6 15 1
e 7 8 1
e 7 16 1
e 7 17 1
e 8 18 1
e 8 19 1
