t # 43
v 0 1
v 1 1
v 2 1
v 3 1
v 4 1
v 5 2
v 6 2
v 7 2
v 8 2
v 9 2
v 10 3
v 11 3
v 12 3
v 13 3
v 14 3
v 15 3
v 16 3
v 17 3
v 18 3
v 19 3
e 0 6 1
e 0 8 1
e 1 5 1
e 1 16 1
e 2 7 1
e 2 17 1
e 3 8 1
e 3 18 1
e 4 9 1
e 4 19 1
e 5 6 1
e 5 7 1
e 5 10 1
e 6 9 1
e 6 11 1
e 7 8 1
e 7 12 1
e 8 13 1
e 9 14 1
e 9 15 1
t # 312
v 0 1
v 1 1
v 2 1
v 3 1
v 4 2
v 5 3
v 6 3
v 7 3
v 8 3
v 9 3
v 10 3
v 11 3
v 12 3
v 13 4
v 14 4
v 15 4
v 16 4
v 17 4
v 18 4
v 19 4
e 0 5 1
e 0 11 1
e 1 4 1
e 2 4 2
e 3 11 2
e 4 6 1
e 5 6 1
e 5 7 2
e 6 8 2
e 7 9 1
e 7 13 1
e 8 10 1
e 8 14 1
e 9 10 2
e 9 15 1
e 10 16 1
e 11 12 1
e 12 17 1
e 12 18 1
e 12 19 1
