t # 141
v 0 1
v 1 2
v 2 2
v 3 2
v 4 2
v 5 2
v 6 2
v 7 2
v 8 2
v 9 2
v 10 2
v 11 3
v 12 3
v 13 3
v 14 3
v 15 3
v 16 3
v 17 3
v 18 3
v 19 3
e 0 2 1
e 0 10 2
e 1 2 2
e 1 4 1
e 1 7 1
e 2 5 1
e 3 4 2
e 3 6 1
e 3 8 1
e 4 11 1
e 5 6 2
e 5 12 1
e 6 13 1
e 7 9 2
e 7 14 1
e 8 15 1
e 8 16 1
e 8 17 1
e 9 10 1
e 9 18 1
e 10 19 1
t # 190
v 0 1
v 1 1
v 2 2
v 3 2
v 4 2
v 5 2
v 6 2
v 7 2
v 8 3
v 9 3
v 10 3
v 11 3
v 12 3
v 13 3
v 14 3
v 15 3
v 16 3
v 17 3
v 18 3
v 19 3
e 0 3 1
e 0 6 1
e 1 6 2
e 2 3 1
e 2 4 1
e 2 5 1
e 2 8 1
e 3 9 1
e 3 10 1
e 4 11 1
e 4 12 1
e 4 13 1
e 5 14 1
e 5 15 1
e 5 16 1
e 6 7 1
e 7 17 1
e 7 18 1
e 7 19 1
