t # 109
v 0 1
v 1 2
v 2 2
v 3 2
v 4 3
v 5 3
v 6 3
v 7 3
v 8 4
v 9 4
v 10 4
v 11 4
v 12 4
v 13 4
v 14 5
v 15 5
v 16 5
v 17 5
v 18 5
v 19 5
e 0 11 1
e 0 12 1
e 1 10 2
e 2 7 1
e 3 7 2
e 4 8 1
e 4 10 1
e 4 11 1
e 5 9 1
e 5 10 1
e 5 18 1
e 6 11 2
e 6 13 1
e 7 12 1
e 8 9 1
e 8 14 1
e 8 15 1
e 9 16 1
e 9 17 1
e 12 13 2
e 13 19 1
t # 404
v 0 1
v 1 1
v 2 2
v 3 3
v 4 3
v 5 3
v 6 3
v 7 3
v 8 3
v 9 3
v 10 3
v 11 4
v 12 4
v 13 4
v 14 4
v 15 4
v 16 4
v 17 4
v 18 4
v 19 4
e 0 4 1
e 0 9 1
e 1 9 2
e 2 3 1
e 2 8 2
e 3 4 1
e 3 5 2
e 4 11 1
e 4 12 1
e 5 6 1
e 5 13 1
e 6 7 2
e 6 14 1
e 7 8 1
e 7 15 1
e 8 16 1
e 9 10 1
e 10 17 1
e 10 18 1
e 10 19 1
