t # 78
v 0 1
v 1 1
v 2 1
v 3 1
v 4 2
v 5 3
v 6 3
v 7 3
v 8 3
v 9 3
v 10 3
v 11 4
v 12 4
v 13 4
v 14 4
v 15 4
v 16 4
v 17 4
v 18 4
v 19 4
e 0 9 1
e 0 18 1
e 1 10 1
e 1 19 1
e 2 9 2
e 3 10 2
e 4 7 1
e 4 8 1
e 4 17 1
e 5 6 1
e 5 8 1
e 5 9 1
e 5 11 1
e 6 7 1
e 6 12 1
e 6 13 1
e 7 10 1
e 7 14 1
e 8 15 1
e 8 16 1
t # 355
v 0 1
v 1 1
v 2 2
v 3 2
v 4 2
v 5 2
v 6 2
v 7 2
v 8 3
v 9 3
v 10 3
v 11 3
v 12 3
v 13 3
v 14 3
v 15 3
v 16 3
v 17 3
v 18 3
v 19 3
e 0 5 1
e 0 7 1
e 1 7 2
e 2 3 1
e 2 4 1
e 2 8 1
e 2 9 1
e 3 5 1
e 3 10 1
e 3 11 1
e 4 6 1
e 4 12 1
e 4 13 1
e 5 14 1
e 5 15 1
e 6 16 1
e 6 17 1
e 6 18 1
e 7 19 1
