t # 39
v 0 1
v 1 2
v 2 2
v 3 3
v 4 4
v 5 4
v 6 4
v 7 4
v 8 4
v 9 5
v 10 5
v 11 5
v 12 5
v 13 5
v 14 5
v 15 5
v 16 5
v 17 5
v 18 5
v 19 5
e 0 6 1
e 0 8 1
e 1 7 1
e 1 19 1
e 2 7 2
e 3 5 1
e 3 14 1
e 3 15 1
e 4 5 1
e 4 6 1
e 4 9 1
e 4 10 1
e 5 7 1
e 5 11 1
e 6 12 1
e 6 13 1
e 8 16 1
e 8 17 1
e 8 18 1
t # 247
v 0 1
v 1 1
v 2 2
v 3 2
v 4 2
v 5 2
v 6 3
v 7 3
v 8 3
v 9 3
v 10 3
v 11 3
v 12 4
v 13 4
v 14 4
v 15 4
v 16 4
v 17 4
v 18 4
v 19 4
e 0 10 1
e 1 11 1
e 2 6 1
e 2 8 1
e 3 7 1
e 3 9 1
e 4 8 2
e 5 9 2
e 6 7 1
e 6 12 1
e 6 13 1
e 7 14 1
e 7 15 1
e 8 10 1
e 9 11 1
e 10 16 1
e 10 17 1
e 11 18 1
e 11 19 1
