t # 140
v 0 1
v 1 2
v 2 2
v 3 2
v 4 2
v 5 2
v 6 2
v 7 2
v 8 2
v 9 2
v 10 2
v 11 3
v 12 3
v 13 3
v 14 3
v 15 3
v 16 3
v 17 3
v 18 3
v 19 3
e 0 5 1
e 0 18 1
e 0 19 1
e 1 2 1
e 1 3 1
e 1 6 2
e 2 4 1
e 2 7 2
e 3 5 2
e 3 11 1
e 4 8 2
e 4 12 1
e 5 8 1
e 6 9 1
e 6 13 1
e 7 10 1
e 7 14 1
e 8 15 1
e 9 10 2
e 9 16 1
e 10 17 1
t # 243
v 0 1
v 1 2
v 2 3
v 3 3
v 4 4
v 5 4
v 6 4
v 7 4
v 8 4
v 9 4
v 10 5
v 11 5
v 12 5
v 13 5
v 14 5
v 15 5
v 16 5
v 17 5
v 18 5
v 19 5
e 0 9 1
e 1 6 1
e 2 7 1
e 2 8 1
e 3 7 2
e 4 5 1
e 4 6 1
e 4 10 1
e 4 11 1
e 5 7 1
e 5 12 1
e 5 13 1
e 6 14 1
e 6 15 1
e 8 9 1
e 8 16 1
e 8 17 1
e 9 18 1
e 9 19 1
